START
CS0 = 1.291, Time param is 0.052  z = 
[ 3.06640625  3.13359375  3.20078125  3.26796875  3.33515625  3.40234375
  3.46953125  3.53671875  3.60390625  3.67109375  3.73828125  3.80546875
  3.87265625  3.93984375  4.00703125  4.07421875  4.14140625  4.20859375
  4.27578125  4.34296875  4.41015625  4.47734375  4.54453125  4.61171875
  4.67890625  4.74609375  4.81328125  4.88046875  4.94765625  5.01484375
  5.08203125  5.14921875  5.21640625  5.28359375  5.35078125  5.41796875
  5.48515625  5.55234375  5.61953125  5.68671875  5.75390625  5.82109375
  5.88828125  5.95546875  6.02265625  6.08984375  6.15703125  6.22421875
  6.29140625  6.35859375  6.42578125  6.49296875  6.56015625  6.62734375
  6.69453125  6.76171875  6.82890625  6.89609375  6.96328125  7.03046875
  7.09765625  7.16484375  7.23203125  7.29921875  7.36640625  7.43359375]
newz = 
[ 2.96925208  3.03643958  3.10362708  3.17081458  3.23800208  3.30518958
  3.37237708  3.43956458  3.50675208  3.57393958  3.64112708  3.70831458
  3.77550208  3.84268958  3.90987708  3.97706458  4.04425208  4.11143958
  4.17862708  4.24581458  4.31300208  4.38018958  4.44737708  4.51456458
  4.58175208  4.64893958  4.71612708  4.78331458  4.85050208  4.91768958
  4.98487708  5.05206458  5.11925208  5.18643958  5.25362708  5.32081458
  5.38800208  5.45518958  5.52237708  5.58956458  5.65675208  5.72393958
  5.79112708  5.85831458  5.92550208  5.99268958  6.05987708  6.12706458
  6.19425208  6.26143958  6.32862708  6.39581458  6.46300208  6.53018958
  6.59737708  6.66456458  6.73175208  6.79893958  6.86612708  6.93331458
  7.00050208  7.06768958  7.13487708  7.20206458  7.26925208  7.33643958]
perz = 
[7.3664062500000007, 3.1335937500000002, 3.2007812499999999, 3.2679687500000001, 3.3351562499999998, 3.40234375, 3.4695312500000002, 3.5367187499999999, 3.6039062500000001, 3.6710937499999998, 3.73828125, 3.8054687500000002, 3.8726562499999999, 3.9398437500000001, 4.0070312499999998, 4.07421875, 4.1414062500000002, 4.2085937500000004, 4.2757812499999996, 4.3429687499999998, 4.41015625, 4.4773437500000002, 4.5445312500000004, 4.6117187499999996, 4.6789062499999998, 4.74609375, 4.8132812500000002, 4.8804687500000004, 4.9476562499999996, 5.0148437499999998, 5.08203125, 5.1492187499999993, 5.2164062500000004, 5.2835937499999996, 5.3507812499999998, 5.41796875, 5.4851562499999993, 5.5523437500000004, 5.6195312499999996, 5.6867187499999998, 5.75390625, 5.8210937499999993, 5.8882812500000004, 5.9554687499999996, 6.0226562499999998, 6.08984375, 6.1570312499999993, 6.2242187500000004, 6.2914062499999996, 6.3585937499999998, 6.42578125, 6.4929687499999993, 6.5601562500000004, 6.6273437499999996, 6.6945312499999998, 6.76171875, 6.8289062499999993, 6.8960937500000004, 6.9632812499999996, 7.0304687499999998, 7.09765625, 7.1648437500000002, 7.2320312499999995, 7.2992187499999996, 7.3664062499999998, 3.1335937499999993]
res = 
[  1.37071163e-04   1.62567474e-04   1.86498172e-04   2.08632791e-04
   2.28758161e-04   2.46680466e-04   2.62227102e-04   2.75248349e-04
   2.85618803e-04   2.93238592e-04   2.98034334e-04   2.99959841e-04
   2.98996572e-04   2.95153802e-04   2.88468539e-04   2.79005167e-04
   2.66854823e-04   2.52134520e-04   2.34986025e-04   2.15574485e-04
   1.94086846e-04   1.70730044e-04   1.45729018e-04   1.19324542e-04
   9.17709060e-05   6.33334657e-05   3.42860895e-05   4.90851949e-06
  -2.45163222e-05  -5.37050584e-05  -8.23765855e-05  -1.10254781e-04
  -1.37071163e-04  -1.62567474e-04  -1.86498172e-04  -2.08632791e-04
  -2.28758161e-04  -2.46680466e-04  -2.62227102e-04  -2.75248349e-04
  -2.85618803e-04  -2.93238592e-04  -2.98034334e-04  -2.99959841e-04
  -2.98996572e-04  -2.95153802e-04  -2.88468539e-04  -2.79005167e-04
  -2.66854823e-04  -2.52134520e-04  -2.34986025e-04  -2.15574485e-04
  -1.94086846e-04  -1.70730044e-04  -1.45729018e-04  -1.19324542e-04
  -9.17709060e-05  -6.33334657e-05  -3.42860895e-05  -4.90851949e-06
   2.45163222e-05   5.37050584e-05   8.23765855e-05   1.10254781e-04
   1.37071163e-04   1.62567474e-04]
Time now is 0.052
CS0 = 1.291, Time param is 0.103  z = 
[ 3.06640625  3.13359375  3.20078125  3.26796875  3.33515625  3.40234375
  3.46953125  3.53671875  3.60390625  3.67109375  3.73828125  3.80546875
  3.87265625  3.93984375  4.00703125  4.07421875  4.14140625  4.20859375
  4.27578125  4.34296875  4.41015625  4.47734375  4.54453125  4.61171875
  4.67890625  4.74609375  4.81328125  4.88046875  4.94765625  5.01484375
  5.08203125  5.14921875  5.21640625  5.28359375  5.35078125  5.41796875
  5.48515625  5.55234375  5.61953125  5.68671875  5.75390625  5.82109375
  5.88828125  5.95546875  6.02265625  6.08984375  6.15703125  6.22421875
  6.29140625  6.35859375  6.42578125  6.49296875  6.56015625  6.62734375
  6.69453125  6.76171875  6.82890625  6.89609375  6.96328125  7.03046875
  7.09765625  7.16484375  7.23203125  7.29921875  7.36640625  7.43359375]
newz = 
[ 2.87209791  2.93928541  3.00647291  3.07366041  3.14084791  3.20803541
  3.27522291  3.34241041  3.40959791  3.47678541  3.54397291  3.61116041
  3.67834791  3.74553541  3.81272291  3.87991041  3.94709791  4.01428541
  4.08147291  4.14866041  4.21584791  4.28303541  4.35022291  4.41741041
  4.48459791  4.55178541  4.61897291  4.68616041  4.75334791  4.82053541
  4.88772291  4.95491041  5.02209791  5.08928541  5.15647291  5.22366041
  5.29084791  5.35803541  5.42522291  5.49241041  5.55959791  5.62678541
  5.69397291  5.76116041  5.82834791  5.89553541  5.96272291  6.02991041
  6.09709791  6.16428541  6.23147291  6.29866041  6.36584791  6.43303541
  6.50022291  6.56741041  6.63459791  6.70178541  6.76897291  6.83616041
  6.90334791  6.97053541  7.03772291  7.10491041  7.17209791  7.23928541]
perz = 
[7.3664062500000007, 3.1335937500000002, 3.2007812499999999, 3.2679687500000001, 3.3351562499999998, 3.40234375, 3.4695312500000002, 3.5367187499999999, 3.6039062500000001, 3.6710937499999998, 3.73828125, 3.8054687500000002, 3.8726562499999999, 3.9398437500000001, 4.0070312499999998, 4.07421875, 4.1414062500000002, 4.2085937500000004, 4.2757812499999996, 4.3429687499999998, 4.41015625, 4.4773437500000002, 4.5445312500000004, 4.6117187499999996, 4.6789062499999998, 4.74609375, 4.8132812500000002, 4.8804687500000004, 4.9476562499999996, 5.0148437499999998, 5.08203125, 5.1492187499999993, 5.2164062500000004, 5.2835937499999996, 5.3507812499999998, 5.41796875, 5.4851562499999993, 5.5523437500000004, 5.6195312499999996, 5.6867187499999998, 5.75390625, 5.8210937499999993, 5.8882812500000004, 5.9554687499999996, 6.0226562499999998, 6.08984375, 6.1570312499999993, 6.2242187500000004, 6.2914062499999996, 6.3585937499999998, 6.42578125, 6.4929687499999993, 6.5601562500000004, 6.6273437499999996, 6.6945312499999998, 6.76171875, 6.8289062499999993, 6.8960937500000004, 6.9632812499999996, 7.0304687499999998, 7.09765625, 7.1648437500000002, 7.2320312499999995, 7.2992187499999996, 7.3664062499999998, 3.1335937499999993]
res = 
[  1.37071163e-04   1.62567474e-04   1.86498172e-04   2.08632791e-04
   2.28758161e-04   2.46680466e-04   2.62227102e-04   2.75248349e-04
   2.85618803e-04   2.93238592e-04   2.98034334e-04   2.99959841e-04
   2.98996572e-04   2.95153802e-04   2.88468539e-04   2.79005167e-04
   2.66854823e-04   2.52134520e-04   2.34986025e-04   2.15574485e-04
   1.94086846e-04   1.70730044e-04   1.45729018e-04   1.19324542e-04
   9.17709060e-05   6.33334657e-05   3.42860895e-05   4.90851949e-06
  -2.45163222e-05  -5.37050584e-05  -8.23765855e-05  -1.10254781e-04
  -1.37071163e-04  -1.62567474e-04  -1.86498172e-04  -2.08632791e-04
  -2.28758161e-04  -2.46680466e-04  -2.62227102e-04  -2.75248349e-04
  -2.85618803e-04  -2.93238592e-04  -2.98034334e-04  -2.99959841e-04
  -2.98996572e-04  -2.95153802e-04  -2.88468539e-04  -2.79005167e-04
  -2.66854823e-04  -2.52134520e-04  -2.34986025e-04  -2.15574485e-04
  -1.94086846e-04  -1.70730044e-04  -1.45729018e-04  -1.19324542e-04
  -9.17709060e-05  -6.33334657e-05  -3.42860895e-05  -4.90851949e-06
   2.45163222e-05   5.37050584e-05   8.23765855e-05   1.10254781e-04
   1.37071163e-04   1.62567474e-04]
Time now is 0.103
CS0 = 1.291, Time param is 0.155  z = 
[ 3.06640625  3.13359375  3.20078125  3.26796875  3.33515625  3.40234375
  3.46953125  3.53671875  3.60390625  3.67109375  3.73828125  3.80546875
  3.87265625  3.93984375  4.00703125  4.07421875  4.14140625  4.20859375
  4.27578125  4.34296875  4.41015625  4.47734375  4.54453125  4.61171875
  4.67890625  4.74609375  4.81328125  4.88046875  4.94765625  5.01484375
  5.08203125  5.14921875  5.21640625  5.28359375  5.35078125  5.41796875
  5.48515625  5.55234375  5.61953125  5.68671875  5.75390625  5.82109375
  5.88828125  5.95546875  6.02265625  6.08984375  6.15703125  6.22421875
  6.29140625  6.35859375  6.42578125  6.49296875  6.56015625  6.62734375
  6.69453125  6.76171875  6.82890625  6.89609375  6.96328125  7.03046875
  7.09765625  7.16484375  7.23203125  7.29921875  7.36640625  7.43359375]
newz = 
[ 2.77494373  2.84213123  2.90931873  2.97650623  3.04369373  3.11088123
  3.17806873  3.24525623  3.31244373  3.37963123  3.44681873  3.51400623
  3.58119373  3.64838123  3.71556873  3.78275623  3.84994373  3.91713123
  3.98431873  4.05150623  4.11869373  4.18588123  4.25306873  4.32025623
  4.38744373  4.45463123  4.52181873  4.58900623  4.65619373  4.72338123
  4.79056873  4.85775623  4.92494373  4.99213123  5.05931873  5.12650623
  5.19369373  5.26088123  5.32806873  5.39525623  5.46244373  5.52963123
  5.59681873  5.66400623  5.73119373  5.79838123  5.86556873  5.93275623
  5.99994373  6.06713123  6.13431873  6.20150623  6.26869373  6.33588123
  6.40306873  6.47025623  6.53744373  6.60463123  6.67181873  6.73900623
  6.80619373  6.87338123  6.94056873  7.00775623  7.07494373  7.14213123]
perz = 
[7.3664062500000007, 3.1335937500000002, 3.2007812499999999, 3.2679687500000001, 3.3351562499999998, 3.40234375, 3.4695312500000002, 3.5367187499999999, 3.6039062500000001, 3.6710937499999998, 3.73828125, 3.8054687500000002, 3.8726562499999999, 3.9398437500000001, 4.0070312499999998, 4.07421875, 4.1414062500000002, 4.2085937500000004, 4.2757812499999996, 4.3429687499999998, 4.41015625, 4.4773437500000002, 4.5445312500000004, 4.6117187499999996, 4.6789062499999998, 4.74609375, 4.8132812500000002, 4.8804687500000004, 4.9476562499999996, 5.0148437499999998, 5.08203125, 5.1492187499999993, 5.2164062500000004, 5.2835937499999996, 5.3507812499999998, 5.41796875, 5.4851562499999993, 5.5523437500000004, 5.6195312499999996, 5.6867187499999998, 5.75390625, 5.8210937499999993, 5.8882812500000004, 5.9554687499999996, 6.0226562499999998, 6.08984375, 6.1570312499999993, 6.2242187500000004, 6.2914062499999996, 6.3585937499999998, 6.42578125, 6.4929687499999993, 6.5601562500000004, 6.6273437499999996, 6.6945312499999998, 6.76171875, 6.8289062499999993, 6.8960937500000004, 6.9632812499999996, 7.0304687499999998, 7.09765625, 7.1648437500000002, 7.2320312499999995, 7.2992187499999996, 7.3664062499999998, 3.1335937499999993]
res = 
[  1.37071163e-04   1.62567474e-04   1.86498172e-04   2.08632791e-04
   2.28758161e-04   2.46680466e-04   2.62227102e-04   2.75248349e-04
   2.85618803e-04   2.93238592e-04   2.98034334e-04   2.99959841e-04
   2.98996572e-04   2.95153802e-04   2.88468539e-04   2.79005167e-04
   2.66854823e-04   2.52134520e-04   2.34986025e-04   2.15574485e-04
   1.94086846e-04   1.70730044e-04   1.45729018e-04   1.19324542e-04
   9.17709060e-05   6.33334657e-05   3.42860895e-05   4.90851949e-06
  -2.45163222e-05  -5.37050584e-05  -8.23765855e-05  -1.10254781e-04
  -1.37071163e-04  -1.62567474e-04  -1.86498172e-04  -2.08632791e-04
  -2.28758161e-04  -2.46680466e-04  -2.62227102e-04  -2.75248349e-04
  -2.85618803e-04  -2.93238592e-04  -2.98034334e-04  -2.99959841e-04
  -2.98996572e-04  -2.95153802e-04  -2.88468539e-04  -2.79005167e-04
  -2.66854823e-04  -2.52134520e-04  -2.34986025e-04  -2.15574485e-04
  -1.94086846e-04  -1.70730044e-04  -1.45729018e-04  -1.19324542e-04
  -9.17709060e-05  -6.33334657e-05  -3.42860895e-05  -4.90851949e-06
   2.45163222e-05   5.37050584e-05   8.23765855e-05   1.10254781e-04
   1.37071163e-04   1.62567474e-04]
Time now is 0.155
CS0 = 1.291, Time param is 0.206  z = 
[ 3.06640625  3.13359375  3.20078125  3.26796875  3.33515625  3.40234375
  3.46953125  3.53671875  3.60390625  3.67109375  3.73828125  3.80546875
  3.87265625  3.93984375  4.00703125  4.07421875  4.14140625  4.20859375
  4.27578125  4.34296875  4.41015625  4.47734375  4.54453125  4.61171875
  4.67890625  4.74609375  4.81328125  4.88046875  4.94765625  5.01484375
  5.08203125  5.14921875  5.21640625  5.28359375  5.35078125  5.41796875
  5.48515625  5.55234375  5.61953125  5.68671875  5.75390625  5.82109375
  5.88828125  5.95546875  6.02265625  6.08984375  6.15703125  6.22421875
  6.29140625  6.35859375  6.42578125  6.49296875  6.56015625  6.62734375
  6.69453125  6.76171875  6.82890625  6.89609375  6.96328125  7.03046875
  7.09765625  7.16484375  7.23203125  7.29921875  7.36640625  7.43359375]
newz = 
[ 2.67778955  2.74497705  2.81216455  2.87935205  2.94653955  3.01372705
  3.08091455  3.14810205  3.21528955  3.28247705  3.34966455  3.41685205
  3.48403955  3.55122705  3.61841455  3.68560205  3.75278955  3.81997705
  3.88716455  3.95435205  4.02153955  4.08872705  4.15591455  4.22310205
  4.29028955  4.35747705  4.42466455  4.49185205  4.55903955  4.62622705
  4.69341455  4.76060205  4.82778955  4.89497705  4.96216455  5.02935205
  5.09653955  5.16372705  5.23091455  5.29810205  5.36528955  5.43247705
  5.49966455  5.56685205  5.63403955  5.70122705  5.76841455  5.83560205
  5.90278955  5.96997705  6.03716455  6.10435205  6.17153955  6.23872705
  6.30591455  6.37310205  6.44028955  6.50747705  6.57466455  6.64185205
  6.70903955  6.77622705  6.84341455  6.91060205  6.97778955  7.04497705]
perz = 
[7.3664062500000007, 3.1335937500000002, 3.2007812499999999, 3.2679687500000001, 3.3351562499999998, 3.40234375, 3.4695312500000002, 3.5367187499999999, 3.6039062500000001, 3.6710937499999998, 3.73828125, 3.8054687500000002, 3.8726562499999999, 3.9398437500000001, 4.0070312499999998, 4.07421875, 4.1414062500000002, 4.2085937500000004, 4.2757812499999996, 4.3429687499999998, 4.41015625, 4.4773437500000002, 4.5445312500000004, 4.6117187499999996, 4.6789062499999998, 4.74609375, 4.8132812500000002, 4.8804687500000004, 4.9476562499999996, 5.0148437499999998, 5.08203125, 5.1492187499999993, 5.2164062500000004, 5.2835937499999996, 5.3507812499999998, 5.41796875, 5.4851562499999993, 5.5523437500000004, 5.6195312499999996, 5.6867187499999998, 5.75390625, 5.8210937499999993, 5.8882812500000004, 5.9554687499999996, 6.0226562499999998, 6.08984375, 6.1570312499999993, 6.2242187500000004, 6.2914062499999996, 6.3585937499999998, 6.42578125, 6.4929687499999993, 6.5601562500000004, 6.6273437499999996, 6.6945312499999998, 6.76171875, 6.8289062499999993, 6.8960937500000004, 6.9632812499999996, 7.0304687499999998, 7.09765625, 7.1648437500000002, 7.2320312499999995, 7.2992187499999996, 7.3664062499999998, 3.1335937499999993]
res = 
[  1.37071163e-04   1.62567474e-04   1.86498172e-04   2.08632791e-04
   2.28758161e-04   2.46680466e-04   2.62227102e-04   2.75248349e-04
   2.85618803e-04   2.93238592e-04   2.98034334e-04   2.99959841e-04
   2.98996572e-04   2.95153802e-04   2.88468539e-04   2.79005167e-04
   2.66854823e-04   2.52134520e-04   2.34986025e-04   2.15574485e-04
   1.94086846e-04   1.70730044e-04   1.45729018e-04   1.19324542e-04
   9.17709060e-05   6.33334657e-05   3.42860895e-05   4.90851949e-06
  -2.45163222e-05  -5.37050584e-05  -8.23765855e-05  -1.10254781e-04
  -1.37071163e-04  -1.62567474e-04  -1.86498172e-04  -2.08632791e-04
  -2.28758161e-04  -2.46680466e-04  -2.62227102e-04  -2.75248349e-04
  -2.85618803e-04  -2.93238592e-04  -2.98034334e-04  -2.99959841e-04
  -2.98996572e-04  -2.95153802e-04  -2.88468539e-04  -2.79005167e-04
  -2.66854823e-04  -2.52134520e-04  -2.34986025e-04  -2.15574485e-04
  -1.94086846e-04  -1.70730044e-04  -1.45729018e-04  -1.19324542e-04
  -9.17709060e-05  -6.33334657e-05  -3.42860895e-05  -4.90851949e-06
   2.45163222e-05   5.37050584e-05   8.23765855e-05   1.10254781e-04
   1.37071163e-04   1.62567474e-04]
Time now is 0.206
CS0 = 1.291, Time param is 0.258  z = 
[ 3.06640625  3.13359375  3.20078125  3.26796875  3.33515625  3.40234375
  3.46953125  3.53671875  3.60390625  3.67109375  3.73828125  3.80546875
  3.87265625  3.93984375  4.00703125  4.07421875  4.14140625  4.20859375
  4.27578125  4.34296875  4.41015625  4.47734375  4.54453125  4.61171875
  4.67890625  4.74609375  4.81328125  4.88046875  4.94765625  5.01484375
  5.08203125  5.14921875  5.21640625  5.28359375  5.35078125  5.41796875
  5.48515625  5.55234375  5.61953125  5.68671875  5.75390625  5.82109375
  5.88828125  5.95546875  6.02265625  6.08984375  6.15703125  6.22421875
  6.29140625  6.35859375  6.42578125  6.49296875  6.56015625  6.62734375
  6.69453125  6.76171875  6.82890625  6.89609375  6.96328125  7.03046875
  7.09765625  7.16484375  7.23203125  7.29921875  7.36640625  7.43359375]
newz = 
[ 2.58063537  2.64782287  2.71501037  2.78219787  2.84938537  2.91657287
  2.98376037  3.05094787  3.11813537  3.18532287  3.25251037  3.31969787
  3.38688537  3.45407287  3.52126037  3.58844787  3.65563537  3.72282287
  3.79001037  3.85719787  3.92438537  3.99157287  4.05876037  4.12594787
  4.19313537  4.26032287  4.32751037  4.39469787  4.46188537  4.52907287
  4.59626037  4.66344787  4.73063537  4.79782287  4.86501037  4.93219787
  4.99938537  5.06657287  5.13376037  5.20094787  5.26813537  5.33532287
  5.40251037  5.46969787  5.53688537  5.60407287  5.67126037  5.73844787
  5.80563537  5.87282287  5.94001037  6.00719787  6.07438537  6.14157287
  6.20876037  6.27594787  6.34313537  6.41032287  6.47751037  6.54469787
  6.61188537  6.67907287  6.74626037  6.81344787  6.88063537  6.94782287]
perz = 
[7.3664062500000007, 3.1335937500000002, 3.2007812499999999, 3.2679687500000001, 3.3351562499999998, 3.40234375, 3.4695312500000002, 3.5367187499999999, 3.6039062500000001, 3.6710937499999998, 3.73828125, 3.8054687500000002, 3.8726562499999999, 3.9398437500000001, 4.0070312499999998, 4.07421875, 4.1414062500000002, 4.2085937500000004, 4.2757812499999996, 4.3429687499999998, 4.41015625, 4.4773437500000002, 4.5445312500000004, 4.6117187499999996, 4.6789062499999998, 4.74609375, 4.8132812500000002, 4.8804687500000004, 4.9476562499999996, 5.0148437499999998, 5.08203125, 5.1492187499999993, 5.2164062500000004, 5.2835937499999996, 5.3507812499999998, 5.41796875, 5.4851562499999993, 5.5523437500000004, 5.6195312499999996, 5.6867187499999998, 5.75390625, 5.8210937499999993, 5.8882812500000004, 5.9554687499999996, 6.0226562499999998, 6.08984375, 6.1570312499999993, 6.2242187500000004, 6.2914062499999996, 6.3585937499999998, 6.42578125, 6.4929687499999993, 6.5601562500000004, 6.6273437499999996, 6.6945312499999998, 6.76171875, 6.8289062499999993, 6.8960937500000004, 6.9632812499999996, 7.0304687499999998, 7.09765625, 7.1648437500000002, 7.2320312499999995, 7.2992187499999996, 7.3664062499999998, 3.1335937499999993]
res = 
[  1.37071163e-04   1.62567474e-04   1.86498172e-04   2.08632791e-04
   2.28758161e-04   2.46680466e-04   2.62227102e-04   2.75248349e-04
   2.85618803e-04   2.93238592e-04   2.98034334e-04   2.99959841e-04
   2.98996572e-04   2.95153802e-04   2.88468539e-04   2.79005167e-04
   2.66854823e-04   2.52134520e-04   2.34986025e-04   2.15574485e-04
   1.94086846e-04   1.70730044e-04   1.45729018e-04   1.19324542e-04
   9.17709060e-05   6.33334657e-05   3.42860895e-05   4.90851949e-06
  -2.45163222e-05  -5.37050584e-05  -8.23765855e-05  -1.10254781e-04
  -1.37071163e-04  -1.62567474e-04  -1.86498172e-04  -2.08632791e-04
  -2.28758161e-04  -2.46680466e-04  -2.62227102e-04  -2.75248349e-04
  -2.85618803e-04  -2.93238592e-04  -2.98034334e-04  -2.99959841e-04
  -2.98996572e-04  -2.95153802e-04  -2.88468539e-04  -2.79005167e-04
  -2.66854823e-04  -2.52134520e-04  -2.34986025e-04  -2.15574485e-04
  -1.94086846e-04  -1.70730044e-04  -1.45729018e-04  -1.19324542e-04
  -9.17709060e-05  -6.33334657e-05  -3.42860895e-05  -4.90851949e-06
   2.45163222e-05   5.37050584e-05   8.23765855e-05   1.10254781e-04
   1.37071163e-04   1.62567474e-04]
Time now is 0.258
CS0 = 1.291, Time param is 0.309  z = 
[ 3.06640625  3.13359375  3.20078125  3.26796875  3.33515625  3.40234375
  3.46953125  3.53671875  3.60390625  3.67109375  3.73828125  3.80546875
  3.87265625  3.93984375  4.00703125  4.07421875  4.14140625  4.20859375
  4.27578125  4.34296875  4.41015625  4.47734375  4.54453125  4.61171875
  4.67890625  4.74609375  4.81328125  4.88046875  4.94765625  5.01484375
  5.08203125  5.14921875  5.21640625  5.28359375  5.35078125  5.41796875
  5.48515625  5.55234375  5.61953125  5.68671875  5.75390625  5.82109375
  5.88828125  5.95546875  6.02265625  6.08984375  6.15703125  6.22421875
  6.29140625  6.35859375  6.42578125  6.49296875  6.56015625  6.62734375
  6.69453125  6.76171875  6.82890625  6.89609375  6.96328125  7.03046875
  7.09765625  7.16484375  7.23203125  7.29921875  7.36640625  7.43359375]
newz = 
[ 2.48348118  2.55066868  2.61785618  2.68504368  2.75223118  2.81941868
  2.88660618  2.95379368  3.02098118  3.08816868  3.15535618  3.22254368
  3.28973118  3.35691868  3.42410618  3.49129368  3.55848118  3.62566868
  3.69285618  3.76004368  3.82723118  3.89441868  3.96160618  4.02879368
  4.09598118  4.16316868  4.23035618  4.29754368  4.36473118  4.43191868
  4.49910618  4.56629368  4.63348118  4.70066868  4.76785618  4.83504368
  4.90223118  4.96941868  5.03660618  5.10379368  5.17098118  5.23816868
  5.30535618  5.37254368  5.43973118  5.50691868  5.57410618  5.64129368
  5.70848118  5.77566868  5.84285618  5.91004368  5.97723118  6.04441868
  6.11160618  6.17879368  6.24598118  6.31316868  6.38035618  6.44754368
  6.51473118  6.58191868  6.64910618  6.71629368  6.78348118  6.85066868]
perz = 
[7.3664062500000007, 3.1335937500000002, 3.2007812499999999, 3.2679687500000001, 3.3351562499999998, 3.40234375, 3.4695312500000002, 3.5367187499999999, 3.6039062500000001, 3.6710937499999998, 3.73828125, 3.8054687500000002, 3.8726562499999999, 3.9398437500000001, 4.0070312499999998, 4.07421875, 4.1414062500000002, 4.2085937500000004, 4.2757812499999996, 4.3429687499999998, 4.41015625, 4.4773437500000002, 4.5445312500000004, 4.6117187499999996, 4.6789062499999998, 4.74609375, 4.8132812500000002, 4.8804687500000004, 4.9476562499999996, 5.0148437499999998, 5.08203125, 5.1492187499999993, 5.2164062500000004, 5.2835937499999996, 5.3507812499999998, 5.41796875, 5.4851562499999993, 5.5523437500000004, 5.6195312499999996, 5.6867187499999998, 5.75390625, 5.8210937499999993, 5.8882812500000004, 5.9554687499999996, 6.0226562499999998, 6.08984375, 6.1570312499999993, 6.2242187500000004, 6.2914062499999996, 6.3585937499999998, 6.42578125, 6.4929687499999993, 6.5601562500000004, 6.6273437499999996, 6.6945312499999998, 6.76171875, 6.8289062499999993, 6.8960937500000004, 6.9632812499999996, 7.0304687499999998, 7.09765625, 7.1648437500000002, 7.2320312499999995, 7.2992187499999996, 7.3664062499999998, 3.1335937499999993]
res = 
[  1.37071163e-04   1.62567474e-04   1.86498172e-04   2.08632791e-04
   2.28758161e-04   2.46680466e-04   2.62227102e-04   2.75248349e-04
   2.85618803e-04   2.93238592e-04   2.98034334e-04   2.99959841e-04
   2.98996572e-04   2.95153802e-04   2.88468539e-04   2.79005167e-04
   2.66854823e-04   2.52134520e-04   2.34986025e-04   2.15574485e-04
   1.94086846e-04   1.70730044e-04   1.45729018e-04   1.19324542e-04
   9.17709060e-05   6.33334657e-05   3.42860895e-05   4.90851949e-06
  -2.45163222e-05  -5.37050584e-05  -8.23765855e-05  -1.10254781e-04
  -1.37071163e-04  -1.62567474e-04  -1.86498172e-04  -2.08632791e-04
  -2.28758161e-04  -2.46680466e-04  -2.62227102e-04  -2.75248349e-04
  -2.85618803e-04  -2.93238592e-04  -2.98034334e-04  -2.99959841e-04
  -2.98996572e-04  -2.95153802e-04  -2.88468539e-04  -2.79005167e-04
  -2.66854823e-04  -2.52134520e-04  -2.34986025e-04  -2.15574485e-04
  -1.94086846e-04  -1.70730044e-04  -1.45729018e-04  -1.19324542e-04
  -9.17709060e-05  -6.33334657e-05  -3.42860895e-05  -4.90851949e-06
   2.45163222e-05   5.37050584e-05   8.23765855e-05   1.10254781e-04
   1.37071163e-04   1.62567474e-04]
Time now is 0.309
CS0 = 1.291, Time param is 0.361  z = 
[ 3.06640625  3.13359375  3.20078125  3.26796875  3.33515625  3.40234375
  3.46953125  3.53671875  3.60390625  3.67109375  3.73828125  3.80546875
  3.87265625  3.93984375  4.00703125  4.07421875  4.14140625  4.20859375
  4.27578125  4.34296875  4.41015625  4.47734375  4.54453125  4.61171875
  4.67890625  4.74609375  4.81328125  4.88046875  4.94765625  5.01484375
  5.08203125  5.14921875  5.21640625  5.28359375  5.35078125  5.41796875
  5.48515625  5.55234375  5.61953125  5.68671875  5.75390625  5.82109375
  5.88828125  5.95546875  6.02265625  6.08984375  6.15703125  6.22421875
  6.29140625  6.35859375  6.42578125  6.49296875  6.56015625  6.62734375
  6.69453125  6.76171875  6.82890625  6.89609375  6.96328125  7.03046875
  7.09765625  7.16484375  7.23203125  7.29921875  7.36640625  7.43359375]
newz = 
[ 2.38632699  2.45351449  2.52070199  2.58788949  2.65507699  2.72226449
  2.78945199  2.85663949  2.92382699  2.99101449  3.05820199  3.12538949
  3.19257699  3.25976449  3.32695199  3.39413949  3.46132699  3.52851449
  3.59570199  3.66288949  3.73007699  3.79726449  3.86445199  3.93163949
  3.99882699  4.06601449  4.13320199  4.20038949  4.26757699  4.33476449
  4.40195199  4.46913949  4.53632699  4.60351449  4.67070199  4.73788949
  4.80507699  4.87226449  4.93945199  5.00663949  5.07382699  5.14101449
  5.20820199  5.27538949  5.34257699  5.40976449  5.47695199  5.54413949
  5.61132699  5.67851449  5.74570199  5.81288949  5.88007699  5.94726449
  6.01445199  6.08163949  6.14882699  6.21601449  6.28320199  6.35038949
  6.41757699  6.48476449  6.55195199  6.61913949  6.68632699  6.75351449]
perz = 
[7.3664062500000007, 3.1335937500000002, 3.2007812499999999, 3.2679687500000001, 3.3351562499999998, 3.40234375, 3.4695312500000002, 3.5367187499999999, 3.6039062500000001, 3.6710937499999998, 3.73828125, 3.8054687500000002, 3.8726562499999999, 3.9398437500000001, 4.0070312499999998, 4.07421875, 4.1414062500000002, 4.2085937500000004, 4.2757812499999996, 4.3429687499999998, 4.41015625, 4.4773437500000002, 4.5445312500000004, 4.6117187499999996, 4.6789062499999998, 4.74609375, 4.8132812500000002, 4.8804687500000004, 4.9476562499999996, 5.0148437499999998, 5.08203125, 5.1492187499999993, 5.2164062500000004, 5.2835937499999996, 5.3507812499999998, 5.41796875, 5.4851562499999993, 5.5523437500000004, 5.6195312499999996, 5.6867187499999998, 5.75390625, 5.8210937499999993, 5.8882812500000004, 5.9554687499999996, 6.0226562499999998, 6.08984375, 6.1570312499999993, 6.2242187500000004, 6.2914062499999996, 6.3585937499999998, 6.42578125, 6.4929687499999993, 6.5601562500000004, 6.6273437499999996, 6.6945312499999998, 6.76171875, 6.8289062499999993, 6.8960937500000004, 6.9632812499999996, 7.0304687499999998, 7.09765625, 7.1648437500000002, 7.2320312499999995, 7.2992187499999996, 7.3664062499999998, 3.1335937499999993]
res = 
[  1.37071163e-04   1.62567474e-04   1.86498172e-04   2.08632791e-04
   2.28758161e-04   2.46680466e-04   2.62227102e-04   2.75248349e-04
   2.85618803e-04   2.93238592e-04   2.98034334e-04   2.99959841e-04
   2.98996572e-04   2.95153802e-04   2.88468539e-04   2.79005167e-04
   2.66854823e-04   2.52134520e-04   2.34986025e-04   2.15574485e-04
   1.94086846e-04   1.70730044e-04   1.45729018e-04   1.19324542e-04
   9.17709060e-05   6.33334657e-05   3.42860895e-05   4.90851949e-06
  -2.45163222e-05  -5.37050584e-05  -8.23765855e-05  -1.10254781e-04
  -1.37071163e-04  -1.62567474e-04  -1.86498172e-04  -2.08632791e-04
  -2.28758161e-04  -2.46680466e-04  -2.62227102e-04  -2.75248349e-04
  -2.85618803e-04  -2.93238592e-04  -2.98034334e-04  -2.99959841e-04
  -2.98996572e-04  -2.95153802e-04  -2.88468539e-04  -2.79005167e-04
  -2.66854823e-04  -2.52134520e-04  -2.34986025e-04  -2.15574485e-04
  -1.94086846e-04  -1.70730044e-04  -1.45729018e-04  -1.19324542e-04
  -9.17709060e-05  -6.33334657e-05  -3.42860895e-05  -4.90851949e-06
   2.45163222e-05   5.37050584e-05   8.23765855e-05   1.10254781e-04
   1.37071163e-04   1.62567474e-04]
Time now is 0.361
CS0 = 1.291, Time param is 0.412  z = 
[ 3.06640625  3.13359375  3.20078125  3.26796875  3.33515625  3.40234375
  3.46953125  3.53671875  3.60390625  3.67109375  3.73828125  3.80546875
  3.87265625  3.93984375  4.00703125  4.07421875  4.14140625  4.20859375
  4.27578125  4.34296875  4.41015625  4.47734375  4.54453125  4.61171875
  4.67890625  4.74609375  4.81328125  4.88046875  4.94765625  5.01484375
  5.08203125  5.14921875  5.21640625  5.28359375  5.35078125  5.41796875
  5.48515625  5.55234375  5.61953125  5.68671875  5.75390625  5.82109375
  5.88828125  5.95546875  6.02265625  6.08984375  6.15703125  6.22421875
  6.29140625  6.35859375  6.42578125  6.49296875  6.56015625  6.62734375
  6.69453125  6.76171875  6.82890625  6.89609375  6.96328125  7.03046875
  7.09765625  7.16484375  7.23203125  7.29921875  7.36640625  7.43359375]
newz = 
[ 2.2891728  2.3563603  2.4235478  2.4907353  2.5579228  2.6251103
  2.6922978  2.7594853  2.8266728  2.8938603  2.9610478  3.0282353
  3.0954228  3.1626103  3.2297978  3.2969853  3.3641728  3.4313603
  3.4985478  3.5657353  3.6329228  3.7001103  3.7672978  3.8344853
  3.9016728  3.9688603  4.0360478  4.1032353  4.1704228  4.2376103
  4.3047978  4.3719853  4.4391728  4.5063603  4.5735478  4.6407353
  4.7079228  4.7751103  4.8422978  4.9094853  4.9766728  5.0438603
  5.1110478  5.1782353  5.2454228  5.3126103  5.3797978  5.4469853
  5.5141728  5.5813603  5.6485478  5.7157353  5.7829228  5.8501103
  5.9172978  5.9844853  6.0516728  6.1188603  6.1860478  6.2532353
  6.3204228  6.3876103  6.4547978  6.5219853  6.5891728  6.6563603]
perz = 
[7.3664062500000007, 3.1335937500000002, 3.2007812499999999, 3.2679687500000001, 3.3351562499999998, 3.40234375, 3.4695312500000002, 3.5367187499999999, 3.6039062500000001, 3.6710937499999998, 3.73828125, 3.8054687500000002, 3.8726562499999999, 3.9398437500000001, 4.0070312499999998, 4.07421875, 4.1414062500000002, 4.2085937500000004, 4.2757812499999996, 4.3429687499999998, 4.41015625, 4.4773437500000002, 4.5445312500000004, 4.6117187499999996, 4.6789062499999998, 4.74609375, 4.8132812500000002, 4.8804687500000004, 4.9476562499999996, 5.0148437499999998, 5.08203125, 5.1492187499999993, 5.2164062500000004, 5.2835937499999996, 5.3507812499999998, 5.41796875, 5.4851562499999993, 5.5523437500000004, 5.6195312499999996, 5.6867187499999998, 5.75390625, 5.8210937499999993, 5.8882812500000004, 5.9554687499999996, 6.0226562499999998, 6.08984375, 6.1570312499999993, 6.2242187500000004, 6.2914062499999996, 6.3585937499999998, 6.42578125, 6.4929687499999993, 6.5601562500000004, 6.6273437499999996, 6.6945312499999998, 6.76171875, 6.8289062499999993, 6.8960937500000004, 6.9632812499999996, 7.0304687499999998, 7.09765625, 7.1648437500000002, 7.2320312499999995, 7.2992187499999996, 7.3664062499999998, 3.1335937499999993]
res = 
[  1.37071163e-04   1.62567474e-04   1.86498172e-04   2.08632791e-04
   2.28758161e-04   2.46680466e-04   2.62227102e-04   2.75248349e-04
   2.85618803e-04   2.93238592e-04   2.98034334e-04   2.99959841e-04
   2.98996572e-04   2.95153802e-04   2.88468539e-04   2.79005167e-04
   2.66854823e-04   2.52134520e-04   2.34986025e-04   2.15574485e-04
   1.94086846e-04   1.70730044e-04   1.45729018e-04   1.19324542e-04
   9.17709060e-05   6.33334657e-05   3.42860895e-05   4.90851949e-06
  -2.45163222e-05  -5.37050584e-05  -8.23765855e-05  -1.10254781e-04
  -1.37071163e-04  -1.62567474e-04  -1.86498172e-04  -2.08632791e-04
  -2.28758161e-04  -2.46680466e-04  -2.62227102e-04  -2.75248349e-04
  -2.85618803e-04  -2.93238592e-04  -2.98034334e-04  -2.99959841e-04
  -2.98996572e-04  -2.95153802e-04  -2.88468539e-04  -2.79005167e-04
  -2.66854823e-04  -2.52134520e-04  -2.34986025e-04  -2.15574485e-04
  -1.94086846e-04  -1.70730044e-04  -1.45729018e-04  -1.19324542e-04
  -9.17709060e-05  -6.33334657e-05  -3.42860895e-05  -4.90851949e-06
   2.45163222e-05   5.37050584e-05   8.23765855e-05   1.10254781e-04
   1.37071163e-04   1.62567474e-04]
Time now is 0.412
CS0 = 1.291, Time param is 0.464  z = 
[ 3.06640625  3.13359375  3.20078125  3.26796875  3.33515625  3.40234375
  3.46953125  3.53671875  3.60390625  3.67109375  3.73828125  3.80546875
  3.87265625  3.93984375  4.00703125  4.07421875  4.14140625  4.20859375
  4.27578125  4.34296875  4.41015625  4.47734375  4.54453125  4.61171875
  4.67890625  4.74609375  4.81328125  4.88046875  4.94765625  5.01484375
  5.08203125  5.14921875  5.21640625  5.28359375  5.35078125  5.41796875
  5.48515625  5.55234375  5.61953125  5.68671875  5.75390625  5.82109375
  5.88828125  5.95546875  6.02265625  6.08984375  6.15703125  6.22421875
  6.29140625  6.35859375  6.42578125  6.49296875  6.56015625  6.62734375
  6.69453125  6.76171875  6.82890625  6.89609375  6.96328125  7.03046875
  7.09765625  7.16484375  7.23203125  7.29921875  7.36640625  7.43359375]
newz = 
[ 2.1920186  2.2592061  2.3263936  2.3935811  2.4607686  2.5279561
  2.5951436  2.6623311  2.7295186  2.7967061  2.8638936  2.9310811
  2.9982686  3.0654561  3.1326436  3.1998311  3.2670186  3.3342061
  3.4013936  3.4685811  3.5357686  3.6029561  3.6701436  3.7373311
  3.8045186  3.8717061  3.9388936  4.0060811  4.0732686  4.1404561
  4.2076436  4.2748311  4.3420186  4.4092061  4.4763936  4.5435811
  4.6107686  4.6779561  4.7451436  4.8123311  4.8795186  4.9467061
  5.0138936  5.0810811  5.1482686  5.2154561  5.2826436  5.3498311
  5.4170186  5.4842061  5.5513936  5.6185811  5.6857686  5.7529561
  5.8201436  5.8873311  5.9545186  6.0217061  6.0888936  6.1560811
  6.2232686  6.2904561  6.3576436  6.4248311  6.4920186  6.5592061]
perz = 
[7.3664062500000007, 3.1335937500000002, 3.2007812499999999, 3.2679687500000001, 3.3351562499999998, 3.40234375, 3.4695312500000002, 3.5367187499999999, 3.6039062500000001, 3.6710937499999998, 3.73828125, 3.8054687500000002, 3.8726562499999999, 3.9398437500000001, 4.0070312499999998, 4.07421875, 4.1414062500000002, 4.2085937500000004, 4.2757812499999996, 4.3429687499999998, 4.41015625, 4.4773437500000002, 4.5445312500000004, 4.6117187499999996, 4.6789062499999998, 4.74609375, 4.8132812500000002, 4.8804687500000004, 4.9476562499999996, 5.0148437499999998, 5.08203125, 5.1492187499999993, 5.2164062500000004, 5.2835937499999996, 5.3507812499999998, 5.41796875, 5.4851562499999993, 5.5523437500000004, 5.6195312499999996, 5.6867187499999998, 5.75390625, 5.8210937499999993, 5.8882812500000004, 5.9554687499999996, 6.0226562499999998, 6.08984375, 6.1570312499999993, 6.2242187500000004, 6.2914062499999996, 6.3585937499999998, 6.42578125, 6.4929687499999993, 6.5601562500000004, 6.6273437499999996, 6.6945312499999998, 6.76171875, 6.8289062499999993, 6.8960937500000004, 6.9632812499999996, 7.0304687499999998, 7.09765625, 7.1648437500000002, 7.2320312499999995, 7.2992187499999996, 7.3664062499999998, 3.1335937499999993]
res = 
[  1.37071163e-04   1.62567474e-04   1.86498172e-04   2.08632791e-04
   2.28758161e-04   2.46680466e-04   2.62227102e-04   2.75248349e-04
   2.85618803e-04   2.93238592e-04   2.98034334e-04   2.99959841e-04
   2.98996572e-04   2.95153802e-04   2.88468539e-04   2.79005167e-04
   2.66854823e-04   2.52134520e-04   2.34986025e-04   2.15574485e-04
   1.94086846e-04   1.70730044e-04   1.45729018e-04   1.19324542e-04
   9.17709060e-05   6.33334657e-05   3.42860895e-05   4.90851949e-06
  -2.45163222e-05  -5.37050584e-05  -8.23765855e-05  -1.10254781e-04
  -1.37071163e-04  -1.62567474e-04  -1.86498172e-04  -2.08632791e-04
  -2.28758161e-04  -2.46680466e-04  -2.62227102e-04  -2.75248349e-04
  -2.85618803e-04  -2.93238592e-04  -2.98034334e-04  -2.99959841e-04
  -2.98996572e-04  -2.95153802e-04  -2.88468539e-04  -2.79005167e-04
  -2.66854823e-04  -2.52134520e-04  -2.34986025e-04  -2.15574485e-04
  -1.94086846e-04  -1.70730044e-04  -1.45729018e-04  -1.19324542e-04
  -9.17709060e-05  -6.33334657e-05  -3.42860895e-05  -4.90851949e-06
   2.45163222e-05   5.37050584e-05   8.23765855e-05   1.10254781e-04
   1.37071163e-04   1.62567474e-04]
Time now is 0.464
CS0 = 1.291, Time param is 0.515  z = 
[ 3.06640625  3.13359375  3.20078125  3.26796875  3.33515625  3.40234375
  3.46953125  3.53671875  3.60390625  3.67109375  3.73828125  3.80546875
  3.87265625  3.93984375  4.00703125  4.07421875  4.14140625  4.20859375
  4.27578125  4.34296875  4.41015625  4.47734375  4.54453125  4.61171875
  4.67890625  4.74609375  4.81328125  4.88046875  4.94765625  5.01484375
  5.08203125  5.14921875  5.21640625  5.28359375  5.35078125  5.41796875
  5.48515625  5.55234375  5.61953125  5.68671875  5.75390625  5.82109375
  5.88828125  5.95546875  6.02265625  6.08984375  6.15703125  6.22421875
  6.29140625  6.35859375  6.42578125  6.49296875  6.56015625  6.62734375
  6.69453125  6.76171875  6.82890625  6.89609375  6.96328125  7.03046875
  7.09765625  7.16484375  7.23203125  7.29921875  7.36640625  7.43359375]
newz = 
[ 2.0948644  2.1620519  2.2292394  2.2964269  2.3636144  2.4308019
  2.4979894  2.5651769  2.6323644  2.6995519  2.7667394  2.8339269
  2.9011144  2.9683019  3.0354894  3.1026769  3.1698644  3.2370519
  3.3042394  3.3714269  3.4386144  3.5058019  3.5729894  3.6401769
  3.7073644  3.7745519  3.8417394  3.9089269  3.9761144  4.0433019
  4.1104894  4.1776769  4.2448644  4.3120519  4.3792394  4.4464269
  4.5136144  4.5808019  4.6479894  4.7151769  4.7823644  4.8495519
  4.9167394  4.9839269  5.0511144  5.1183019  5.1854894  5.2526769
  5.3198644  5.3870519  5.4542394  5.5214269  5.5886144  5.6558019
  5.7229894  5.7901769  5.8573644  5.9245519  5.9917394  6.0589269
  6.1261144  6.1933019  6.2604894  6.3276769  6.3948644  6.4620519]
perz = 
[7.3664062500000007, 3.1335937500000002, 3.2007812499999999, 3.2679687500000001, 3.3351562499999998, 3.40234375, 3.4695312500000002, 3.5367187499999999, 3.6039062500000001, 3.6710937499999998, 3.73828125, 3.8054687500000002, 3.8726562499999999, 3.9398437500000001, 4.0070312499999998, 4.07421875, 4.1414062500000002, 4.2085937500000004, 4.2757812499999996, 4.3429687499999998, 4.41015625, 4.4773437500000002, 4.5445312500000004, 4.6117187499999996, 4.6789062499999998, 4.74609375, 4.8132812500000002, 4.8804687500000004, 4.9476562499999996, 5.0148437499999998, 5.08203125, 5.1492187499999993, 5.2164062500000004, 5.2835937499999996, 5.3507812499999998, 5.41796875, 5.4851562499999993, 5.5523437500000004, 5.6195312499999996, 5.6867187499999998, 5.75390625, 5.8210937499999993, 5.8882812500000004, 5.9554687499999996, 6.0226562499999998, 6.08984375, 6.1570312499999993, 6.2242187500000004, 6.2914062499999996, 6.3585937499999998, 6.42578125, 6.4929687499999993, 6.5601562500000004, 6.6273437499999996, 6.6945312499999998, 6.76171875, 6.8289062499999993, 6.8960937500000004, 6.9632812499999996, 7.0304687499999998, 7.09765625, 7.1648437500000002, 7.2320312499999995, 7.2992187499999996, 7.3664062499999998, 3.1335937499999993]
res = 
[  1.37071163e-04   1.62567474e-04   1.86498172e-04   2.08632791e-04
   2.28758161e-04   2.46680466e-04   2.62227102e-04   2.75248349e-04
   2.85618803e-04   2.93238592e-04   2.98034334e-04   2.99959841e-04
   2.98996572e-04   2.95153802e-04   2.88468539e-04   2.79005167e-04
   2.66854823e-04   2.52134520e-04   2.34986025e-04   2.15574485e-04
   1.94086846e-04   1.70730044e-04   1.45729018e-04   1.19324542e-04
   9.17709060e-05   6.33334657e-05   3.42860895e-05   4.90851949e-06
  -2.45163222e-05  -5.37050584e-05  -8.23765855e-05  -1.10254781e-04
  -1.37071163e-04  -1.62567474e-04  -1.86498172e-04  -2.08632791e-04
  -2.28758161e-04  -2.46680466e-04  -2.62227102e-04  -2.75248349e-04
  -2.85618803e-04  -2.93238592e-04  -2.98034334e-04  -2.99959841e-04
  -2.98996572e-04  -2.95153802e-04  -2.88468539e-04  -2.79005167e-04
  -2.66854823e-04  -2.52134520e-04  -2.34986025e-04  -2.15574485e-04
  -1.94086846e-04  -1.70730044e-04  -1.45729018e-04  -1.19324542e-04
  -9.17709060e-05  -6.33334657e-05  -3.42860895e-05  -4.90851949e-06
   2.45163222e-05   5.37050584e-05   8.23765855e-05   1.10254781e-04
   1.37071163e-04   1.62567474e-04]
Time now is 0.515
CS0 = 1.291, Time param is 0.567  z = 
[ 3.06640625  3.13359375  3.20078125  3.26796875  3.33515625  3.40234375
  3.46953125  3.53671875  3.60390625  3.67109375  3.73828125  3.80546875
  3.87265625  3.93984375  4.00703125  4.07421875  4.14140625  4.20859375
  4.27578125  4.34296875  4.41015625  4.47734375  4.54453125  4.61171875
  4.67890625  4.74609375  4.81328125  4.88046875  4.94765625  5.01484375
  5.08203125  5.14921875  5.21640625  5.28359375  5.35078125  5.41796875
  5.48515625  5.55234375  5.61953125  5.68671875  5.75390625  5.82109375
  5.88828125  5.95546875  6.02265625  6.08984375  6.15703125  6.22421875
  6.29140625  6.35859375  6.42578125  6.49296875  6.56015625  6.62734375
  6.69453125  6.76171875  6.82890625  6.89609375  6.96328125  7.03046875
  7.09765625  7.16484375  7.23203125  7.29921875  7.36640625  7.43359375]
newz = 
[ 1.9977102  2.0648977  2.1320852  2.1992727  2.2664602  2.3336477
  2.4008352  2.4680227  2.5352102  2.6023977  2.6695852  2.7367727
  2.8039602  2.8711477  2.9383352  3.0055227  3.0727102  3.1398977
  3.2070852  3.2742727  3.3414602  3.4086477  3.4758352  3.5430227
  3.6102102  3.6773977  3.7445852  3.8117727  3.8789602  3.9461477
  4.0133352  4.0805227  4.1477102  4.2148977  4.2820852  4.3492727
  4.4164602  4.4836477  4.5508352  4.6180227  4.6852102  4.7523977
  4.8195852  4.8867727  4.9539602  5.0211477  5.0883352  5.1555227
  5.2227102  5.2898977  5.3570852  5.4242727  5.4914602  5.5586477
  5.6258352  5.6930227  5.7602102  5.8273977  5.8945852  5.9617727
  6.0289602  6.0961477  6.1633352  6.2305227  6.2977102  6.3648977]
perz = 
[7.3664062500000007, 3.1335937500000002, 3.2007812499999999, 3.2679687500000001, 3.3351562499999998, 3.40234375, 3.4695312500000002, 3.5367187499999999, 3.6039062500000001, 3.6710937499999998, 3.73828125, 3.8054687500000002, 3.8726562499999999, 3.9398437500000001, 4.0070312499999998, 4.07421875, 4.1414062500000002, 4.2085937500000004, 4.2757812499999996, 4.3429687499999998, 4.41015625, 4.4773437500000002, 4.5445312500000004, 4.6117187499999996, 4.6789062499999998, 4.74609375, 4.8132812500000002, 4.8804687500000004, 4.9476562499999996, 5.0148437499999998, 5.08203125, 5.1492187499999993, 5.2164062500000004, 5.2835937499999996, 5.3507812499999998, 5.41796875, 5.4851562499999993, 5.5523437500000004, 5.6195312499999996, 5.6867187499999998, 5.75390625, 5.8210937499999993, 5.8882812500000004, 5.9554687499999996, 6.0226562499999998, 6.08984375, 6.1570312499999993, 6.2242187500000004, 6.2914062499999996, 6.3585937499999998, 6.42578125, 6.4929687499999993, 6.5601562500000004, 6.6273437499999996, 6.6945312499999998, 6.76171875, 6.8289062499999993, 6.8960937500000004, 6.9632812499999996, 7.0304687499999998, 7.09765625, 7.1648437500000002, 7.2320312499999995, 7.2992187499999996, 7.3664062499999998, 3.1335937499999993]
res = 
[  1.37071163e-04   1.62567474e-04   1.86498172e-04   2.08632791e-04
   2.28758161e-04   2.46680466e-04   2.62227102e-04   2.75248349e-04
   2.85618803e-04   2.93238592e-04   2.98034334e-04   2.99959841e-04
   2.98996572e-04   2.95153802e-04   2.88468539e-04   2.79005167e-04
   2.66854823e-04   2.52134520e-04   2.34986025e-04   2.15574485e-04
   1.94086846e-04   1.70730044e-04   1.45729018e-04   1.19324542e-04
   9.17709060e-05   6.33334657e-05   3.42860895e-05   4.90851949e-06
  -2.45163222e-05  -5.37050584e-05  -8.23765855e-05  -1.10254781e-04
  -1.37071163e-04  -1.62567474e-04  -1.86498172e-04  -2.08632791e-04
  -2.28758161e-04  -2.46680466e-04  -2.62227102e-04  -2.75248349e-04
  -2.85618803e-04  -2.93238592e-04  -2.98034334e-04  -2.99959841e-04
  -2.98996572e-04  -2.95153802e-04  -2.88468539e-04  -2.79005167e-04
  -2.66854823e-04  -2.52134520e-04  -2.34986025e-04  -2.15574485e-04
  -1.94086846e-04  -1.70730044e-04  -1.45729018e-04  -1.19324542e-04
  -9.17709060e-05  -6.33334657e-05  -3.42860895e-05  -4.90851949e-06
   2.45163222e-05   5.37050584e-05   8.23765855e-05   1.10254781e-04
   1.37071163e-04   1.62567474e-04]
Time now is 0.567
CS0 = 1.291, Time param is 0.618  z = 
[ 3.06640625  3.13359375  3.20078125  3.26796875  3.33515625  3.40234375
  3.46953125  3.53671875  3.60390625  3.67109375  3.73828125  3.80546875
  3.87265625  3.93984375  4.00703125  4.07421875  4.14140625  4.20859375
  4.27578125  4.34296875  4.41015625  4.47734375  4.54453125  4.61171875
  4.67890625  4.74609375  4.81328125  4.88046875  4.94765625  5.01484375
  5.08203125  5.14921875  5.21640625  5.28359375  5.35078125  5.41796875
  5.48515625  5.55234375  5.61953125  5.68671875  5.75390625  5.82109375
  5.88828125  5.95546875  6.02265625  6.08984375  6.15703125  6.22421875
  6.29140625  6.35859375  6.42578125  6.49296875  6.56015625  6.62734375
  6.69453125  6.76171875  6.82890625  6.89609375  6.96328125  7.03046875
  7.09765625  7.16484375  7.23203125  7.29921875  7.36640625  7.43359375]
newz = 
[ 1.90055599  1.96774349  2.03493099  2.10211849  2.16930599  2.23649349
  2.30368099  2.37086849  2.43805599  2.50524349  2.57243099  2.63961849
  2.70680599  2.77399349  2.84118099  2.90836849  2.97555599  3.04274349
  3.10993099  3.17711849  3.24430599  3.31149349  3.37868099  3.44586849
  3.51305599  3.58024349  3.64743099  3.71461849  3.78180599  3.84899349
  3.91618099  3.98336849  4.05055599  4.11774349  4.18493099  4.25211849
  4.31930599  4.38649349  4.45368099  4.52086849  4.58805599  4.65524349
  4.72243099  4.78961849  4.85680599  4.92399349  4.99118099  5.05836849
  5.12555599  5.19274349  5.25993099  5.32711849  5.39430599  5.46149349
  5.52868099  5.59586849  5.66305599  5.73024349  5.79743099  5.86461849
  5.93180599  5.99899349  6.06618099  6.13336849  6.20055599  6.26774349]
perz = 
[7.3664062500000007, 3.1335937500000002, 3.2007812499999999, 3.2679687500000001, 3.3351562499999998, 3.40234375, 3.4695312500000002, 3.5367187499999999, 3.6039062500000001, 3.6710937499999998, 3.73828125, 3.8054687500000002, 3.8726562499999999, 3.9398437500000001, 4.0070312499999998, 4.07421875, 4.1414062500000002, 4.2085937500000004, 4.2757812499999996, 4.3429687499999998, 4.41015625, 4.4773437500000002, 4.5445312500000004, 4.6117187499999996, 4.6789062499999998, 4.74609375, 4.8132812500000002, 4.8804687500000004, 4.9476562499999996, 5.0148437499999998, 5.08203125, 5.1492187499999993, 5.2164062500000004, 5.2835937499999996, 5.3507812499999998, 5.41796875, 5.4851562499999993, 5.5523437500000004, 5.6195312499999996, 5.6867187499999998, 5.75390625, 5.8210937499999993, 5.8882812500000004, 5.9554687499999996, 6.0226562499999998, 6.08984375, 6.1570312499999993, 6.2242187500000004, 6.2914062499999996, 6.3585937499999998, 6.42578125, 6.4929687499999993, 6.5601562500000004, 6.6273437499999996, 6.6945312499999998, 6.76171875, 6.8289062499999993, 6.8960937500000004, 6.9632812499999996, 7.0304687499999998, 7.09765625, 7.1648437500000002, 7.2320312499999995, 7.2992187499999996, 7.3664062499999998, 3.1335937499999993]
res = 
[  1.37071163e-04   1.62567474e-04   1.86498172e-04   2.08632791e-04
   2.28758161e-04   2.46680466e-04   2.62227102e-04   2.75248349e-04
   2.85618803e-04   2.93238592e-04   2.98034334e-04   2.99959841e-04
   2.98996572e-04   2.95153802e-04   2.88468539e-04   2.79005167e-04
   2.66854823e-04   2.52134520e-04   2.34986025e-04   2.15574485e-04
   1.94086846e-04   1.70730044e-04   1.45729018e-04   1.19324542e-04
   9.17709060e-05   6.33334657e-05   3.42860895e-05   4.90851949e-06
  -2.45163222e-05  -5.37050584e-05  -8.23765855e-05  -1.10254781e-04
  -1.37071163e-04  -1.62567474e-04  -1.86498172e-04  -2.08632791e-04
  -2.28758161e-04  -2.46680466e-04  -2.62227102e-04  -2.75248349e-04
  -2.85618803e-04  -2.93238592e-04  -2.98034334e-04  -2.99959841e-04
  -2.98996572e-04  -2.95153802e-04  -2.88468539e-04  -2.79005167e-04
  -2.66854823e-04  -2.52134520e-04  -2.34986025e-04  -2.15574485e-04
  -1.94086846e-04  -1.70730044e-04  -1.45729018e-04  -1.19324542e-04
  -9.17709060e-05  -6.33334657e-05  -3.42860895e-05  -4.90851949e-06
   2.45163222e-05   5.37050584e-05   8.23765855e-05   1.10254781e-04
   1.37071163e-04   1.62567474e-04]
Time now is 0.618
CS0 = 1.291, Time param is 0.670  z = 
[ 3.06640625  3.13359375  3.20078125  3.26796875  3.33515625  3.40234375
  3.46953125  3.53671875  3.60390625  3.67109375  3.73828125  3.80546875
  3.87265625  3.93984375  4.00703125  4.07421875  4.14140625  4.20859375
  4.27578125  4.34296875  4.41015625  4.47734375  4.54453125  4.61171875
  4.67890625  4.74609375  4.81328125  4.88046875  4.94765625  5.01484375
  5.08203125  5.14921875  5.21640625  5.28359375  5.35078125  5.41796875
  5.48515625  5.55234375  5.61953125  5.68671875  5.75390625  5.82109375
  5.88828125  5.95546875  6.02265625  6.08984375  6.15703125  6.22421875
  6.29140625  6.35859375  6.42578125  6.49296875  6.56015625  6.62734375
  6.69453125  6.76171875  6.82890625  6.89609375  6.96328125  7.03046875
  7.09765625  7.16484375  7.23203125  7.29921875  7.36640625  7.43359375]
newz = 
[ 1.80340178  1.87058928  1.93777678  2.00496428  2.07215178  2.13933928
  2.20652678  2.27371428  2.34090178  2.40808928  2.47527678  2.54246428
  2.60965178  2.67683928  2.74402678  2.81121428  2.87840178  2.94558928
  3.01277678  3.07996428  3.14715178  3.21433928  3.28152678  3.34871428
  3.41590178  3.48308928  3.55027678  3.61746428  3.68465178  3.75183928
  3.81902678  3.88621428  3.95340178  4.02058928  4.08777678  4.15496428
  4.22215178  4.28933928  4.35652678  4.42371428  4.49090178  4.55808928
  4.62527678  4.69246428  4.75965178  4.82683928  4.89402678  4.96121428
  5.02840178  5.09558928  5.16277678  5.22996428  5.29715178  5.36433928
  5.43152678  5.49871428  5.56590178  5.63308928  5.70027678  5.76746428
  5.83465178  5.90183928  5.96902678  6.03621428  6.10340178  6.17058928]
perz = 
[7.3664062500000007, 3.1335937500000002, 3.2007812499999999, 3.2679687500000001, 3.3351562499999998, 3.40234375, 3.4695312500000002, 3.5367187499999999, 3.6039062500000001, 3.6710937499999998, 3.73828125, 3.8054687500000002, 3.8726562499999999, 3.9398437500000001, 4.0070312499999998, 4.07421875, 4.1414062500000002, 4.2085937500000004, 4.2757812499999996, 4.3429687499999998, 4.41015625, 4.4773437500000002, 4.5445312500000004, 4.6117187499999996, 4.6789062499999998, 4.74609375, 4.8132812500000002, 4.8804687500000004, 4.9476562499999996, 5.0148437499999998, 5.08203125, 5.1492187499999993, 5.2164062500000004, 5.2835937499999996, 5.3507812499999998, 5.41796875, 5.4851562499999993, 5.5523437500000004, 5.6195312499999996, 5.6867187499999998, 5.75390625, 5.8210937499999993, 5.8882812500000004, 5.9554687499999996, 6.0226562499999998, 6.08984375, 6.1570312499999993, 6.2242187500000004, 6.2914062499999996, 6.3585937499999998, 6.42578125, 6.4929687499999993, 6.5601562500000004, 6.6273437499999996, 6.6945312499999998, 6.76171875, 6.8289062499999993, 6.8960937500000004, 6.9632812499999996, 7.0304687499999998, 7.09765625, 7.1648437500000002, 7.2320312499999995, 7.2992187499999996, 7.3664062499999998, 3.1335937499999993]
res = 
[  1.37071163e-04   1.62567474e-04   1.86498172e-04   2.08632791e-04
   2.28758161e-04   2.46680466e-04   2.62227102e-04   2.75248349e-04
   2.85618803e-04   2.93238592e-04   2.98034334e-04   2.99959841e-04
   2.98996572e-04   2.95153802e-04   2.88468539e-04   2.79005167e-04
   2.66854823e-04   2.52134520e-04   2.34986025e-04   2.15574485e-04
   1.94086846e-04   1.70730044e-04   1.45729018e-04   1.19324542e-04
   9.17709060e-05   6.33334657e-05   3.42860895e-05   4.90851949e-06
  -2.45163222e-05  -5.37050584e-05  -8.23765855e-05  -1.10254781e-04
  -1.37071163e-04  -1.62567474e-04  -1.86498172e-04  -2.08632791e-04
  -2.28758161e-04  -2.46680466e-04  -2.62227102e-04  -2.75248349e-04
  -2.85618803e-04  -2.93238592e-04  -2.98034334e-04  -2.99959841e-04
  -2.98996572e-04  -2.95153802e-04  -2.88468539e-04  -2.79005167e-04
  -2.66854823e-04  -2.52134520e-04  -2.34986025e-04  -2.15574485e-04
  -1.94086846e-04  -1.70730044e-04  -1.45729018e-04  -1.19324542e-04
  -9.17709060e-05  -6.33334657e-05  -3.42860895e-05  -4.90851949e-06
   2.45163222e-05   5.37050584e-05   8.23765855e-05   1.10254781e-04
   1.37071163e-04   1.62567474e-04]
Time now is 0.670
CS0 = 1.291, Time param is 0.721  z = 
[ 3.06640625  3.13359375  3.20078125  3.26796875  3.33515625  3.40234375
  3.46953125  3.53671875  3.60390625  3.67109375  3.73828125  3.80546875
  3.87265625  3.93984375  4.00703125  4.07421875  4.14140625  4.20859375
  4.27578125  4.34296875  4.41015625  4.47734375  4.54453125  4.61171875
  4.67890625  4.74609375  4.81328125  4.88046875  4.94765625  5.01484375
  5.08203125  5.14921875  5.21640625  5.28359375  5.35078125  5.41796875
  5.48515625  5.55234375  5.61953125  5.68671875  5.75390625  5.82109375
  5.88828125  5.95546875  6.02265625  6.08984375  6.15703125  6.22421875
  6.29140625  6.35859375  6.42578125  6.49296875  6.56015625  6.62734375
  6.69453125  6.76171875  6.82890625  6.89609375  6.96328125  7.03046875
  7.09765625  7.16484375  7.23203125  7.29921875  7.36640625  7.43359375]
newz = 
[ 1.70624757  1.77343507  1.84062257  1.90781007  1.97499757  2.04218507
  2.10937257  2.17656007  2.24374757  2.31093507  2.37812257  2.44531007
  2.51249757  2.57968507  2.64687257  2.71406007  2.78124757  2.84843507
  2.91562257  2.98281007  3.04999757  3.11718507  3.18437257  3.25156007
  3.31874757  3.38593507  3.45312257  3.52031007  3.58749757  3.65468507
  3.72187257  3.78906007  3.85624757  3.92343507  3.99062257  4.05781007
  4.12499757  4.19218507  4.25937257  4.32656007  4.39374757  4.46093507
  4.52812257  4.59531007  4.66249757  4.72968507  4.79687257  4.86406007
  4.93124757  4.99843507  5.06562257  5.13281007  5.19999757  5.26718507
  5.33437257  5.40156007  5.46874757  5.53593507  5.60312257  5.67031007
  5.73749757  5.80468507  5.87187257  5.93906007  6.00624757  6.07343507]
perz = 
[7.3664062500000007, 3.1335937500000002, 3.2007812499999999, 3.2679687500000001, 3.3351562499999998, 3.40234375, 3.4695312500000002, 3.5367187499999999, 3.6039062500000001, 3.6710937499999998, 3.73828125, 3.8054687500000002, 3.8726562499999999, 3.9398437500000001, 4.0070312499999998, 4.07421875, 4.1414062500000002, 4.2085937500000004, 4.2757812499999996, 4.3429687499999998, 4.41015625, 4.4773437500000002, 4.5445312500000004, 4.6117187499999996, 4.6789062499999998, 4.74609375, 4.8132812500000002, 4.8804687500000004, 4.9476562499999996, 5.0148437499999998, 5.08203125, 5.1492187499999993, 5.2164062500000004, 5.2835937499999996, 5.3507812499999998, 5.41796875, 5.4851562499999993, 5.5523437500000004, 5.6195312499999996, 5.6867187499999998, 5.75390625, 5.8210937499999993, 5.8882812500000004, 5.9554687499999996, 6.0226562499999998, 6.08984375, 6.1570312499999993, 6.2242187500000004, 6.2914062499999996, 6.3585937499999998, 6.42578125, 6.4929687499999993, 6.5601562500000004, 6.6273437499999996, 6.6945312499999998, 6.76171875, 6.8289062499999993, 6.8960937500000004, 6.9632812499999996, 7.0304687499999998, 7.09765625, 7.1648437500000002, 7.2320312499999995, 7.2992187499999996, 7.3664062499999998, 3.1335937499999993]
res = 
[  1.37071163e-04   1.62567474e-04   1.86498172e-04   2.08632791e-04
   2.28758161e-04   2.46680466e-04   2.62227102e-04   2.75248349e-04
   2.85618803e-04   2.93238592e-04   2.98034334e-04   2.99959841e-04
   2.98996572e-04   2.95153802e-04   2.88468539e-04   2.79005167e-04
   2.66854823e-04   2.52134520e-04   2.34986025e-04   2.15574485e-04
   1.94086846e-04   1.70730044e-04   1.45729018e-04   1.19324542e-04
   9.17709060e-05   6.33334657e-05   3.42860895e-05   4.90851949e-06
  -2.45163222e-05  -5.37050584e-05  -8.23765855e-05  -1.10254781e-04
  -1.37071163e-04  -1.62567474e-04  -1.86498172e-04  -2.08632791e-04
  -2.28758161e-04  -2.46680466e-04  -2.62227102e-04  -2.75248349e-04
  -2.85618803e-04  -2.93238592e-04  -2.98034334e-04  -2.99959841e-04
  -2.98996572e-04  -2.95153802e-04  -2.88468539e-04  -2.79005167e-04
  -2.66854823e-04  -2.52134520e-04  -2.34986025e-04  -2.15574485e-04
  -1.94086846e-04  -1.70730044e-04  -1.45729018e-04  -1.19324542e-04
  -9.17709060e-05  -6.33334657e-05  -3.42860895e-05  -4.90851949e-06
   2.45163222e-05   5.37050584e-05   8.23765855e-05   1.10254781e-04
   1.37071163e-04   1.62567474e-04]
Time now is 0.721
CS0 = 1.291, Time param is 0.773  z = 
[ 3.06640625  3.13359375  3.20078125  3.26796875  3.33515625  3.40234375
  3.46953125  3.53671875  3.60390625  3.67109375  3.73828125  3.80546875
  3.87265625  3.93984375  4.00703125  4.07421875  4.14140625  4.20859375
  4.27578125  4.34296875  4.41015625  4.47734375  4.54453125  4.61171875
  4.67890625  4.74609375  4.81328125  4.88046875  4.94765625  5.01484375
  5.08203125  5.14921875  5.21640625  5.28359375  5.35078125  5.41796875
  5.48515625  5.55234375  5.61953125  5.68671875  5.75390625  5.82109375
  5.88828125  5.95546875  6.02265625  6.08984375  6.15703125  6.22421875
  6.29140625  6.35859375  6.42578125  6.49296875  6.56015625  6.62734375
  6.69453125  6.76171875  6.82890625  6.89609375  6.96328125  7.03046875
  7.09765625  7.16484375  7.23203125  7.29921875  7.36640625  7.43359375]
newz = 
[ 1.60909336  1.67628086  1.74346836  1.81065586  1.87784336  1.94503086
  2.01221836  2.07940586  2.14659336  2.21378086  2.28096836  2.34815586
  2.41534336  2.48253086  2.54971836  2.61690586  2.68409336  2.75128086
  2.81846836  2.88565586  2.95284336  3.02003086  3.08721836  3.15440586
  3.22159336  3.28878086  3.35596836  3.42315586  3.49034336  3.55753086
  3.62471836  3.69190586  3.75909336  3.82628086  3.89346836  3.96065586
  4.02784336  4.09503086  4.16221836  4.22940586  4.29659336  4.36378086
  4.43096836  4.49815586  4.56534336  4.63253086  4.69971836  4.76690586
  4.83409336  4.90128086  4.96846836  5.03565586  5.10284336  5.17003086
  5.23721836  5.30440586  5.37159336  5.43878086  5.50596836  5.57315586
  5.64034336  5.70753086  5.77471836  5.84190586  5.90909336  5.97628086]
perz = 
[7.3664062500000007, 3.1335937500000002, 3.2007812499999999, 3.2679687500000001, 3.3351562499999998, 3.40234375, 3.4695312500000002, 3.5367187499999999, 3.6039062500000001, 3.6710937499999998, 3.73828125, 3.8054687500000002, 3.8726562499999999, 3.9398437500000001, 4.0070312499999998, 4.07421875, 4.1414062500000002, 4.2085937500000004, 4.2757812499999996, 4.3429687499999998, 4.41015625, 4.4773437500000002, 4.5445312500000004, 4.6117187499999996, 4.6789062499999998, 4.74609375, 4.8132812500000002, 4.8804687500000004, 4.9476562499999996, 5.0148437499999998, 5.08203125, 5.1492187499999993, 5.2164062500000004, 5.2835937499999996, 5.3507812499999998, 5.41796875, 5.4851562499999993, 5.5523437500000004, 5.6195312499999996, 5.6867187499999998, 5.75390625, 5.8210937499999993, 5.8882812500000004, 5.9554687499999996, 6.0226562499999998, 6.08984375, 6.1570312499999993, 6.2242187500000004, 6.2914062499999996, 6.3585937499999998, 6.42578125, 6.4929687499999993, 6.5601562500000004, 6.6273437499999996, 6.6945312499999998, 6.76171875, 6.8289062499999993, 6.8960937500000004, 6.9632812499999996, 7.0304687499999998, 7.09765625, 7.1648437500000002, 7.2320312499999995, 7.2992187499999996, 7.3664062499999998, 3.1335937499999993]
res = 
[  1.37071163e-04   1.62567474e-04   1.86498172e-04   2.08632791e-04
   2.28758161e-04   2.46680466e-04   2.62227102e-04   2.75248349e-04
   2.85618803e-04   2.93238592e-04   2.98034334e-04   2.99959841e-04
   2.98996572e-04   2.95153802e-04   2.88468539e-04   2.79005167e-04
   2.66854823e-04   2.52134520e-04   2.34986025e-04   2.15574485e-04
   1.94086846e-04   1.70730044e-04   1.45729018e-04   1.19324542e-04
   9.17709060e-05   6.33334657e-05   3.42860895e-05   4.90851949e-06
  -2.45163222e-05  -5.37050584e-05  -8.23765855e-05  -1.10254781e-04
  -1.37071163e-04  -1.62567474e-04  -1.86498172e-04  -2.08632791e-04
  -2.28758161e-04  -2.46680466e-04  -2.62227102e-04  -2.75248349e-04
  -2.85618803e-04  -2.93238592e-04  -2.98034334e-04  -2.99959841e-04
  -2.98996572e-04  -2.95153802e-04  -2.88468539e-04  -2.79005167e-04
  -2.66854823e-04  -2.52134520e-04  -2.34986025e-04  -2.15574485e-04
  -1.94086846e-04  -1.70730044e-04  -1.45729018e-04  -1.19324542e-04
  -9.17709060e-05  -6.33334657e-05  -3.42860895e-05  -4.90851949e-06
   2.45163222e-05   5.37050584e-05   8.23765855e-05   1.10254781e-04
   1.37071163e-04   1.62567474e-04]
Time now is 0.773
CS0 = 1.291, Time param is 0.824  z = 
[ 3.06640625  3.13359375  3.20078125  3.26796875  3.33515625  3.40234375
  3.46953125  3.53671875  3.60390625  3.67109375  3.73828125  3.80546875
  3.87265625  3.93984375  4.00703125  4.07421875  4.14140625  4.20859375
  4.27578125  4.34296875  4.41015625  4.47734375  4.54453125  4.61171875
  4.67890625  4.74609375  4.81328125  4.88046875  4.94765625  5.01484375
  5.08203125  5.14921875  5.21640625  5.28359375  5.35078125  5.41796875
  5.48515625  5.55234375  5.61953125  5.68671875  5.75390625  5.82109375
  5.88828125  5.95546875  6.02265625  6.08984375  6.15703125  6.22421875
  6.29140625  6.35859375  6.42578125  6.49296875  6.56015625  6.62734375
  6.69453125  6.76171875  6.82890625  6.89609375  6.96328125  7.03046875
  7.09765625  7.16484375  7.23203125  7.29921875  7.36640625  7.43359375]
newz = 
[ 1.51193914  1.57912664  1.64631414  1.71350164  1.78068914  1.84787664
  1.91506414  1.98225164  2.04943914  2.11662664  2.18381414  2.25100164
  2.31818914  2.38537664  2.45256414  2.51975164  2.58693914  2.65412664
  2.72131414  2.78850164  2.85568914  2.92287664  2.99006414  3.05725164
  3.12443914  3.19162664  3.25881414  3.32600164  3.39318914  3.46037664
  3.52756414  3.59475164  3.66193914  3.72912664  3.79631414  3.86350164
  3.93068914  3.99787664  4.06506414  4.13225164  4.19943914  4.26662664
  4.33381414  4.40100164  4.46818914  4.53537664  4.60256414  4.66975164
  4.73693914  4.80412664  4.87131414  4.93850164  5.00568914  5.07287664
  5.14006414  5.20725164  5.27443914  5.34162664  5.40881414  5.47600164
  5.54318914  5.61037664  5.67756414  5.74475164  5.81193914  5.87912664]
perz = 
[7.3664062500000007, 3.1335937500000002, 3.2007812499999999, 3.2679687500000001, 3.3351562499999998, 3.40234375, 3.4695312500000002, 3.5367187499999999, 3.6039062500000001, 3.6710937499999998, 3.73828125, 3.8054687500000002, 3.8726562499999999, 3.9398437500000001, 4.0070312499999998, 4.07421875, 4.1414062500000002, 4.2085937500000004, 4.2757812499999996, 4.3429687499999998, 4.41015625, 4.4773437500000002, 4.5445312500000004, 4.6117187499999996, 4.6789062499999998, 4.74609375, 4.8132812500000002, 4.8804687500000004, 4.9476562499999996, 5.0148437499999998, 5.08203125, 5.1492187499999993, 5.2164062500000004, 5.2835937499999996, 5.3507812499999998, 5.41796875, 5.4851562499999993, 5.5523437500000004, 5.6195312499999996, 5.6867187499999998, 5.75390625, 5.8210937499999993, 5.8882812500000004, 5.9554687499999996, 6.0226562499999998, 6.08984375, 6.1570312499999993, 6.2242187500000004, 6.2914062499999996, 6.3585937499999998, 6.42578125, 6.4929687499999993, 6.5601562500000004, 6.6273437499999996, 6.6945312499999998, 6.76171875, 6.8289062499999993, 6.8960937500000004, 6.9632812499999996, 7.0304687499999998, 7.09765625, 7.1648437500000002, 7.2320312499999995, 7.2992187499999996, 7.3664062499999998, 3.1335937499999993]
res = 
[  1.37071163e-04   1.62567474e-04   1.86498172e-04   2.08632791e-04
   2.28758161e-04   2.46680466e-04   2.62227102e-04   2.75248349e-04
   2.85618803e-04   2.93238592e-04   2.98034334e-04   2.99959841e-04
   2.98996572e-04   2.95153802e-04   2.88468539e-04   2.79005167e-04
   2.66854823e-04   2.52134520e-04   2.34986025e-04   2.15574485e-04
   1.94086846e-04   1.70730044e-04   1.45729018e-04   1.19324542e-04
   9.17709060e-05   6.33334657e-05   3.42860895e-05   4.90851949e-06
  -2.45163222e-05  -5.37050584e-05  -8.23765855e-05  -1.10254781e-04
  -1.37071163e-04  -1.62567474e-04  -1.86498172e-04  -2.08632791e-04
  -2.28758161e-04  -2.46680466e-04  -2.62227102e-04  -2.75248349e-04
  -2.85618803e-04  -2.93238592e-04  -2.98034334e-04  -2.99959841e-04
  -2.98996572e-04  -2.95153802e-04  -2.88468539e-04  -2.79005167e-04
  -2.66854823e-04  -2.52134520e-04  -2.34986025e-04  -2.15574485e-04
  -1.94086846e-04  -1.70730044e-04  -1.45729018e-04  -1.19324542e-04
  -9.17709060e-05  -6.33334657e-05  -3.42860895e-05  -4.90851949e-06
   2.45163222e-05   5.37050584e-05   8.23765855e-05   1.10254781e-04
   1.37071163e-04   1.62567474e-04]
Time now is 0.824
CS0 = 1.291, Time param is 0.876  z = 
[ 3.06640625  3.13359375  3.20078125  3.26796875  3.33515625  3.40234375
  3.46953125  3.53671875  3.60390625  3.67109375  3.73828125  3.80546875
  3.87265625  3.93984375  4.00703125  4.07421875  4.14140625  4.20859375
  4.27578125  4.34296875  4.41015625  4.47734375  4.54453125  4.61171875
  4.67890625  4.74609375  4.81328125  4.88046875  4.94765625  5.01484375
  5.08203125  5.14921875  5.21640625  5.28359375  5.35078125  5.41796875
  5.48515625  5.55234375  5.61953125  5.68671875  5.75390625  5.82109375
  5.88828125  5.95546875  6.02265625  6.08984375  6.15703125  6.22421875
  6.29140625  6.35859375  6.42578125  6.49296875  6.56015625  6.62734375
  6.69453125  6.76171875  6.82890625  6.89609375  6.96328125  7.03046875
  7.09765625  7.16484375  7.23203125  7.29921875  7.36640625  7.43359375]
newz = 
[ 1.41478491  1.48197241  1.54915991  1.61634741  1.68353491  1.75072241
  1.81790991  1.88509741  1.95228491  2.01947241  2.08665991  2.15384741
  2.22103491  2.28822241  2.35540991  2.42259741  2.48978491  2.55697241
  2.62415991  2.69134741  2.75853491  2.82572241  2.89290991  2.96009741
  3.02728491  3.09447241  3.16165991  3.22884741  3.29603491  3.36322241
  3.43040991  3.49759741  3.56478491  3.63197241  3.69915991  3.76634741
  3.83353491  3.90072241  3.96790991  4.03509741  4.10228491  4.16947241
  4.23665991  4.30384741  4.37103491  4.43822241  4.50540991  4.57259741
  4.63978491  4.70697241  4.77415991  4.84134741  4.90853491  4.97572241
  5.04290991  5.11009741  5.17728491  5.24447241  5.31165991  5.37884741
  5.44603491  5.51322241  5.58040991  5.64759741  5.71478491  5.78197241]
perz = 
[7.3664062500000007, 3.1335937500000002, 3.2007812499999999, 3.2679687500000001, 3.3351562499999998, 3.40234375, 3.4695312500000002, 3.5367187499999999, 3.6039062500000001, 3.6710937499999998, 3.73828125, 3.8054687500000002, 3.8726562499999999, 3.9398437500000001, 4.0070312499999998, 4.07421875, 4.1414062500000002, 4.2085937500000004, 4.2757812499999996, 4.3429687499999998, 4.41015625, 4.4773437500000002, 4.5445312500000004, 4.6117187499999996, 4.6789062499999998, 4.74609375, 4.8132812500000002, 4.8804687500000004, 4.9476562499999996, 5.0148437499999998, 5.08203125, 5.1492187499999993, 5.2164062500000004, 5.2835937499999996, 5.3507812499999998, 5.41796875, 5.4851562499999993, 5.5523437500000004, 5.6195312499999996, 5.6867187499999998, 5.75390625, 5.8210937499999993, 5.8882812500000004, 5.9554687499999996, 6.0226562499999998, 6.08984375, 6.1570312499999993, 6.2242187500000004, 6.2914062499999996, 6.3585937499999998, 6.42578125, 6.4929687499999993, 6.5601562500000004, 6.6273437499999996, 6.6945312499999998, 6.76171875, 6.8289062499999993, 6.8960937500000004, 6.9632812499999996, 7.0304687499999998, 7.09765625, 7.1648437500000002, 7.2320312499999995, 7.2992187499999996, 7.3664062499999998, 3.1335937499999993]
res = 
[  1.37071163e-04   1.62567474e-04   1.86498172e-04   2.08632791e-04
   2.28758161e-04   2.46680466e-04   2.62227102e-04   2.75248349e-04
   2.85618803e-04   2.93238592e-04   2.98034334e-04   2.99959841e-04
   2.98996572e-04   2.95153802e-04   2.88468539e-04   2.79005167e-04
   2.66854823e-04   2.52134520e-04   2.34986025e-04   2.15574485e-04
   1.94086846e-04   1.70730044e-04   1.45729018e-04   1.19324542e-04
   9.17709060e-05   6.33334657e-05   3.42860895e-05   4.90851949e-06
  -2.45163222e-05  -5.37050584e-05  -8.23765855e-05  -1.10254781e-04
  -1.37071163e-04  -1.62567474e-04  -1.86498172e-04  -2.08632791e-04
  -2.28758161e-04  -2.46680466e-04  -2.62227102e-04  -2.75248349e-04
  -2.85618803e-04  -2.93238592e-04  -2.98034334e-04  -2.99959841e-04
  -2.98996572e-04  -2.95153802e-04  -2.88468539e-04  -2.79005167e-04
  -2.66854823e-04  -2.52134520e-04  -2.34986025e-04  -2.15574485e-04
  -1.94086846e-04  -1.70730044e-04  -1.45729018e-04  -1.19324542e-04
  -9.17709060e-05  -6.33334657e-05  -3.42860895e-05  -4.90851949e-06
   2.45163222e-05   5.37050584e-05   8.23765855e-05   1.10254781e-04
   1.37071163e-04   1.62567474e-04]
Time now is 0.876
CS0 = 1.291, Time param is 0.927  z = 
[ 3.06640625  3.13359375  3.20078125  3.26796875  3.33515625  3.40234375
  3.46953125  3.53671875  3.60390625  3.67109375  3.73828125  3.80546875
  3.87265625  3.93984375  4.00703125  4.07421875  4.14140625  4.20859375
  4.27578125  4.34296875  4.41015625  4.47734375  4.54453125  4.61171875
  4.67890625  4.74609375  4.81328125  4.88046875  4.94765625  5.01484375
  5.08203125  5.14921875  5.21640625  5.28359375  5.35078125  5.41796875
  5.48515625  5.55234375  5.61953125  5.68671875  5.75390625  5.82109375
  5.88828125  5.95546875  6.02265625  6.08984375  6.15703125  6.22421875
  6.29140625  6.35859375  6.42578125  6.49296875  6.56015625  6.62734375
  6.69453125  6.76171875  6.82890625  6.89609375  6.96328125  7.03046875
  7.09765625  7.16484375  7.23203125  7.29921875  7.36640625  7.43359375]
newz = 
[ 1.31763069  1.38481819  1.45200569  1.51919319  1.58638069  1.65356819
  1.72075569  1.78794319  1.85513069  1.92231819  1.98950569  2.05669319
  2.12388069  2.19106819  2.25825569  2.32544319  2.39263069  2.45981819
  2.52700569  2.59419319  2.66138069  2.72856819  2.79575569  2.86294319
  2.93013069  2.99731819  3.06450569  3.13169319  3.19888069  3.26606819
  3.33325569  3.40044319  3.46763069  3.53481819  3.60200569  3.66919319
  3.73638069  3.80356819  3.87075569  3.93794319  4.00513069  4.07231819
  4.13950569  4.20669319  4.27388069  4.34106819  4.40825569  4.47544319
  4.54263069  4.60981819  4.67700569  4.74419319  4.81138069  4.87856819
  4.94575569  5.01294319  5.08013069  5.14731819  5.21450569  5.28169319
  5.34888069  5.41606819  5.48325569  5.55044319  5.61763069  5.68481819]
perz = 
[7.3664062500000007, 3.1335937500000002, 3.2007812499999999, 3.2679687500000001, 3.3351562499999998, 3.40234375, 3.4695312500000002, 3.5367187499999999, 3.6039062500000001, 3.6710937499999998, 3.73828125, 3.8054687500000002, 3.8726562499999999, 3.9398437500000001, 4.0070312499999998, 4.07421875, 4.1414062500000002, 4.2085937500000004, 4.2757812499999996, 4.3429687499999998, 4.41015625, 4.4773437500000002, 4.5445312500000004, 4.6117187499999996, 4.6789062499999998, 4.74609375, 4.8132812500000002, 4.8804687500000004, 4.9476562499999996, 5.0148437499999998, 5.08203125, 5.1492187499999993, 5.2164062500000004, 5.2835937499999996, 5.3507812499999998, 5.41796875, 5.4851562499999993, 5.5523437500000004, 5.6195312499999996, 5.6867187499999998, 5.75390625, 5.8210937499999993, 5.8882812500000004, 5.9554687499999996, 6.0226562499999998, 6.08984375, 6.1570312499999993, 6.2242187500000004, 6.2914062499999996, 6.3585937499999998, 6.42578125, 6.4929687499999993, 6.5601562500000004, 6.6273437499999996, 6.6945312499999998, 6.76171875, 6.8289062499999993, 6.8960937500000004, 6.9632812499999996, 7.0304687499999998, 7.09765625, 7.1648437500000002, 7.2320312499999995, 7.2992187499999996, 7.3664062499999998, 3.1335937499999993]
res = 
[  1.37071163e-04   1.62567474e-04   1.86498172e-04   2.08632791e-04
   2.28758161e-04   2.46680466e-04   2.62227102e-04   2.75248349e-04
   2.85618803e-04   2.93238592e-04   2.98034334e-04   2.99959841e-04
   2.98996572e-04   2.95153802e-04   2.88468539e-04   2.79005167e-04
   2.66854823e-04   2.52134520e-04   2.34986025e-04   2.15574485e-04
   1.94086846e-04   1.70730044e-04   1.45729018e-04   1.19324542e-04
   9.17709060e-05   6.33334657e-05   3.42860895e-05   4.90851949e-06
  -2.45163222e-05  -5.37050584e-05  -8.23765855e-05  -1.10254781e-04
  -1.37071163e-04  -1.62567474e-04  -1.86498172e-04  -2.08632791e-04
  -2.28758161e-04  -2.46680466e-04  -2.62227102e-04  -2.75248349e-04
  -2.85618803e-04  -2.93238592e-04  -2.98034334e-04  -2.99959841e-04
  -2.98996572e-04  -2.95153802e-04  -2.88468539e-04  -2.79005167e-04
  -2.66854823e-04  -2.52134520e-04  -2.34986025e-04  -2.15574485e-04
  -1.94086846e-04  -1.70730044e-04  -1.45729018e-04  -1.19324542e-04
  -9.17709060e-05  -6.33334657e-05  -3.42860895e-05  -4.90851949e-06
   2.45163222e-05   5.37050584e-05   8.23765855e-05   1.10254781e-04
   1.37071163e-04   1.62567474e-04]
Time now is 0.927
CS0 = 1.291, Time param is 0.979  z = 
[ 3.06640625  3.13359375  3.20078125  3.26796875  3.33515625  3.40234375
  3.46953125  3.53671875  3.60390625  3.67109375  3.73828125  3.80546875
  3.87265625  3.93984375  4.00703125  4.07421875  4.14140625  4.20859375
  4.27578125  4.34296875  4.41015625  4.47734375  4.54453125  4.61171875
  4.67890625  4.74609375  4.81328125  4.88046875  4.94765625  5.01484375
  5.08203125  5.14921875  5.21640625  5.28359375  5.35078125  5.41796875
  5.48515625  5.55234375  5.61953125  5.68671875  5.75390625  5.82109375
  5.88828125  5.95546875  6.02265625  6.08984375  6.15703125  6.22421875
  6.29140625  6.35859375  6.42578125  6.49296875  6.56015625  6.62734375
  6.69453125  6.76171875  6.82890625  6.89609375  6.96328125  7.03046875
  7.09765625  7.16484375  7.23203125  7.29921875  7.36640625  7.43359375]
newz = 
[ 1.22047646  1.28766396  1.35485146  1.42203896  1.48922646  1.55641396
  1.62360146  1.69078896  1.75797646  1.82516396  1.89235146  1.95953896
  2.02672646  2.09391396  2.16110146  2.22828896  2.29547646  2.36266396
  2.42985146  2.49703896  2.56422646  2.63141396  2.69860146  2.76578896
  2.83297646  2.90016396  2.96735146  3.03453896  3.10172646  3.16891396
  3.23610146  3.30328896  3.37047646  3.43766396  3.50485146  3.57203896
  3.63922646  3.70641396  3.77360146  3.84078896  3.90797646  3.97516396
  4.04235146  4.10953896  4.17672646  4.24391396  4.31110146  4.37828896
  4.44547646  4.51266396  4.57985146  4.64703896  4.71422646  4.78141396
  4.84860146  4.91578896  4.98297646  5.05016396  5.11735146  5.18453896
  5.25172646  5.31891396  5.38610146  5.45328896  5.52047646  5.58766396]
perz = 
[7.3664062500000007, 3.1335937500000002, 3.2007812499999999, 3.2679687500000001, 3.3351562499999998, 3.40234375, 3.4695312500000002, 3.5367187499999999, 3.6039062500000001, 3.6710937499999998, 3.73828125, 3.8054687500000002, 3.8726562499999999, 3.9398437500000001, 4.0070312499999998, 4.07421875, 4.1414062500000002, 4.2085937500000004, 4.2757812499999996, 4.3429687499999998, 4.41015625, 4.4773437500000002, 4.5445312500000004, 4.6117187499999996, 4.6789062499999998, 4.74609375, 4.8132812500000002, 4.8804687500000004, 4.9476562499999996, 5.0148437499999998, 5.08203125, 5.1492187499999993, 5.2164062500000004, 5.2835937499999996, 5.3507812499999998, 5.41796875, 5.4851562499999993, 5.5523437500000004, 5.6195312499999996, 5.6867187499999998, 5.75390625, 5.8210937499999993, 5.8882812500000004, 5.9554687499999996, 6.0226562499999998, 6.08984375, 6.1570312499999993, 6.2242187500000004, 6.2914062499999996, 6.3585937499999998, 6.42578125, 6.4929687499999993, 6.5601562500000004, 6.6273437499999996, 6.6945312499999998, 6.76171875, 6.8289062499999993, 6.8960937500000004, 6.9632812499999996, 7.0304687499999998, 7.09765625, 7.1648437500000002, 7.2320312499999995, 7.2992187499999996, 7.3664062499999998, 3.1335937499999993]
res = 
[  1.37071163e-04   1.62567474e-04   1.86498172e-04   2.08632791e-04
   2.28758161e-04   2.46680466e-04   2.62227102e-04   2.75248349e-04
   2.85618803e-04   2.93238592e-04   2.98034334e-04   2.99959841e-04
   2.98996572e-04   2.95153802e-04   2.88468539e-04   2.79005167e-04
   2.66854823e-04   2.52134520e-04   2.34986025e-04   2.15574485e-04
   1.94086846e-04   1.70730044e-04   1.45729018e-04   1.19324542e-04
   9.17709060e-05   6.33334657e-05   3.42860895e-05   4.90851949e-06
  -2.45163222e-05  -5.37050584e-05  -8.23765855e-05  -1.10254781e-04
  -1.37071163e-04  -1.62567474e-04  -1.86498172e-04  -2.08632791e-04
  -2.28758161e-04  -2.46680466e-04  -2.62227102e-04  -2.75248349e-04
  -2.85618803e-04  -2.93238592e-04  -2.98034334e-04  -2.99959841e-04
  -2.98996572e-04  -2.95153802e-04  -2.88468539e-04  -2.79005167e-04
  -2.66854823e-04  -2.52134520e-04  -2.34986025e-04  -2.15574485e-04
  -1.94086846e-04  -1.70730044e-04  -1.45729018e-04  -1.19324542e-04
  -9.17709060e-05  -6.33334657e-05  -3.42860895e-05  -4.90851949e-06
   2.45163222e-05   5.37050584e-05   8.23765855e-05   1.10254781e-04
   1.37071163e-04   1.62567474e-04]
Time now is 0.979
CS0 = 1.291, Time param is 1.030  z = 
[ 3.06640625  3.13359375  3.20078125  3.26796875  3.33515625  3.40234375
  3.46953125  3.53671875  3.60390625  3.67109375  3.73828125  3.80546875
  3.87265625  3.93984375  4.00703125  4.07421875  4.14140625  4.20859375
  4.27578125  4.34296875  4.41015625  4.47734375  4.54453125  4.61171875
  4.67890625  4.74609375  4.81328125  4.88046875  4.94765625  5.01484375
  5.08203125  5.14921875  5.21640625  5.28359375  5.35078125  5.41796875
  5.48515625  5.55234375  5.61953125  5.68671875  5.75390625  5.82109375
  5.88828125  5.95546875  6.02265625  6.08984375  6.15703125  6.22421875
  6.29140625  6.35859375  6.42578125  6.49296875  6.56015625  6.62734375
  6.69453125  6.76171875  6.82890625  6.89609375  6.96328125  7.03046875
  7.09765625  7.16484375  7.23203125  7.29921875  7.36640625  7.43359375]
newz = 
[ 1.12332222  1.19050972  1.25769722  1.32488472  1.39207222  1.45925972
  1.52644722  1.59363472  1.66082222  1.72800972  1.79519722  1.86238472
  1.92957222  1.99675972  2.06394722  2.13113472  2.19832222  2.26550972
  2.33269722  2.39988472  2.46707222  2.53425972  2.60144722  2.66863472
  2.73582222  2.80300972  2.87019722  2.93738472  3.00457222  3.07175972
  3.13894722  3.20613472  3.27332222  3.34050972  3.40769722  3.47488472
  3.54207222  3.60925972  3.67644722  3.74363472  3.81082222  3.87800972
  3.94519722  4.01238472  4.07957222  4.14675972  4.21394722  4.28113472
  4.34832222  4.41550972  4.48269722  4.54988472  4.61707222  4.68425972
  4.75144722  4.81863472  4.88582222  4.95300972  5.02019722  5.08738472
  5.15457222  5.22175972  5.28894722  5.35613472  5.42332222  5.49050972]
perz = 
[7.3664062500000007, 3.1335937500000002, 3.2007812499999999, 3.2679687500000001, 3.3351562499999998, 3.40234375, 3.4695312500000002, 3.5367187499999999, 3.6039062500000001, 3.6710937499999998, 3.73828125, 3.8054687500000002, 3.8726562499999999, 3.9398437500000001, 4.0070312499999998, 4.07421875, 4.1414062500000002, 4.2085937500000004, 4.2757812499999996, 4.3429687499999998, 4.41015625, 4.4773437500000002, 4.5445312500000004, 4.6117187499999996, 4.6789062499999998, 4.74609375, 4.8132812500000002, 4.8804687500000004, 4.9476562499999996, 5.0148437499999998, 5.08203125, 5.1492187499999993, 5.2164062500000004, 5.2835937499999996, 5.3507812499999998, 5.41796875, 5.4851562499999993, 5.5523437500000004, 5.6195312499999996, 5.6867187499999998, 5.75390625, 5.8210937499999993, 5.8882812500000004, 5.9554687499999996, 6.0226562499999998, 6.08984375, 6.1570312499999993, 6.2242187500000004, 6.2914062499999996, 6.3585937499999998, 6.42578125, 6.4929687499999993, 6.5601562500000004, 6.6273437499999996, 6.6945312499999998, 6.76171875, 6.8289062499999993, 6.8960937500000004, 6.9632812499999996, 7.0304687499999998, 7.09765625, 7.1648437500000002, 7.2320312499999995, 7.2992187499999996, 7.3664062499999998, 3.1335937499999993]
res = 
[  1.37071163e-04   1.62567474e-04   1.86498172e-04   2.08632791e-04
   2.28758161e-04   2.46680466e-04   2.62227102e-04   2.75248349e-04
   2.85618803e-04   2.93238592e-04   2.98034334e-04   2.99959841e-04
   2.98996572e-04   2.95153802e-04   2.88468539e-04   2.79005167e-04
   2.66854823e-04   2.52134520e-04   2.34986025e-04   2.15574485e-04
   1.94086846e-04   1.70730044e-04   1.45729018e-04   1.19324542e-04
   9.17709060e-05   6.33334657e-05   3.42860895e-05   4.90851949e-06
  -2.45163222e-05  -5.37050584e-05  -8.23765855e-05  -1.10254781e-04
  -1.37071163e-04  -1.62567474e-04  -1.86498172e-04  -2.08632791e-04
  -2.28758161e-04  -2.46680466e-04  -2.62227102e-04  -2.75248349e-04
  -2.85618803e-04  -2.93238592e-04  -2.98034334e-04  -2.99959841e-04
  -2.98996572e-04  -2.95153802e-04  -2.88468539e-04  -2.79005167e-04
  -2.66854823e-04  -2.52134520e-04  -2.34986025e-04  -2.15574485e-04
  -1.94086846e-04  -1.70730044e-04  -1.45729018e-04  -1.19324542e-04
  -9.17709060e-05  -6.33334657e-05  -3.42860895e-05  -4.90851949e-06
   2.45163222e-05   5.37050584e-05   8.23765855e-05   1.10254781e-04
   1.37071163e-04   1.62567474e-04]
Time now is 1.030
