START
CS0 = 1.291, Time param is 0.052  z = 
[ 3.06640625  3.13359375  3.20078125  3.26796875  3.33515625  3.40234375
  3.46953125  3.53671875  3.60390625  3.67109375  3.73828125  3.80546875
  3.87265625  3.93984375  4.00703125  4.07421875  4.14140625  4.20859375
  4.27578125  4.34296875  4.41015625  4.47734375  4.54453125  4.61171875
  4.67890625  4.74609375  4.81328125  4.88046875  4.94765625  5.01484375
  5.08203125  5.14921875  5.21640625  5.28359375  5.35078125  5.41796875
  5.48515625  5.55234375  5.61953125  5.68671875  5.75390625  5.82109375
  5.88828125  5.95546875  6.02265625  6.08984375  6.15703125  6.22421875
  6.29140625  6.35859375  6.42578125  6.49296875  6.56015625  6.62734375
  6.69453125  6.76171875  6.82890625  6.89609375  6.96328125  7.03046875
  7.09765625  7.16484375  7.23203125  7.29921875  7.36640625  7.43359375]
newz = 
[ 2.96925208  3.03643958  3.10362708  3.17081458  3.23800208  3.30518958
  3.37237708  3.43956458  3.50675208  3.57393958  3.64112708  3.70831458
  3.77550208  3.84268958  3.90987708  3.97706458  4.04425208  4.11143958
  4.17862708  4.24581458  4.31300208  4.38018958  4.44737708  4.51456458
  4.58175208  4.64893958  4.71612708  4.78331458  4.85050208  4.91768958
  4.98487708  5.05206458  5.11925208  5.18643958  5.25362708  5.32081458
  5.38800208  5.45518958  5.52237708  5.58956458  5.65675208  5.72393958
  5.79112708  5.85831458  5.92550208  5.99268958  6.05987708  6.12706458
  6.19425208  6.26143958  6.32862708  6.39581458  6.46300208  6.53018958
  6.59737708  6.66456458  6.73175208  6.79893958  6.86612708  6.93331458
  7.00050208  7.06768958  7.13487708  7.20206458  7.26925208  7.33643958]
perz = 
[7.2692520803470515, 7.3364395803470517, 3.1036270803470507, 3.1708145803470509, 3.2380020803470506, 3.3051895803470508, 3.372377080347051, 3.4395645803470507, 3.5067520803470509, 3.5739395803470506, 3.6411270803470508, 3.708314580347051, 3.7755020803470507, 3.8426895803470509, 3.9098770803470506, 3.9770645803470508, 4.044252080347051, 4.1114395803470511, 4.1786270803470504, 4.2458145803470506, 4.3130020803470508, 4.380189580347051, 4.4473770803470511, 4.5145645803470504, 4.5817520803470506, 4.6489395803470508, 4.716127080347051, 4.7833145803470511, 4.8505020803470504, 4.9176895803470506, 4.9848770803470508, 5.0520645803470501, 5.1192520803470511, 5.1864395803470504, 5.2536270803470506, 5.3208145803470508, 5.3880020803470501, 5.4551895803470511, 5.5223770803470504, 5.5895645803470506, 5.6567520803470508, 5.7239395803470501, 5.7911270803470511, 5.8583145803470504, 5.9255020803470506, 5.9926895803470508, 6.0598770803470501, 6.1270645803470511, 6.1942520803470504, 6.2614395803470506, 6.3286270803470508, 6.3958145803470501, 6.4630020803470511, 6.5301895803470504, 6.5973770803470506, 6.6645645803470508, 6.7317520803470501, 6.7989395803470511, 6.8661270803470504, 6.9333145803470506, 7.0005020803470508, 7.067689580347051, 7.1348770803470503, 7.2020645803470504, 7.2692520803470506, 7.3364395803470508]
res = 
[  9.79360719e-05   1.25258612e-04   1.51374844e-04   1.76033253e-04
   1.98996366e-04   2.20043035e-04   2.38970569e-04   2.55596686e-04
   2.69761268e-04   2.81327900e-04   2.90185192e-04   2.96247841e-04
   2.99457461e-04   2.99783143e-04   2.97221749e-04   2.91797947e-04
   2.83563971e-04   2.72599120e-04   2.59008989e-04   2.42924461e-04
   2.24500437e-04   2.03914351e-04   1.81364459e-04   1.57067928e-04
   1.31258746e-04   1.04185472e-04   7.61088339e-05   4.72992264e-05
   1.80341015e-05  -1.14047016e-05  -4.07336712e-05  -6.96703533e-05
  -9.79360719e-05  -1.25258612e-04  -1.51374844e-04  -1.76033253e-04
  -1.98996366e-04  -2.20043035e-04  -2.38970569e-04  -2.55596686e-04
  -2.69761268e-04  -2.81327900e-04  -2.90185192e-04  -2.96247841e-04
  -2.99457461e-04  -2.99783143e-04  -2.97221749e-04  -2.91797947e-04
  -2.83563971e-04  -2.72599120e-04  -2.59008989e-04  -2.42924461e-04
  -2.24500437e-04  -2.03914351e-04  -1.81364459e-04  -1.57067928e-04
  -1.31258746e-04  -1.04185472e-04  -7.61088339e-05  -4.72992264e-05
  -1.80341015e-05   1.14047016e-05   4.07336712e-05   6.96703533e-05
   9.79360719e-05   1.25258612e-04]
Time now is 0.052
CS0 = 1.291, Time param is 0.103  z = 
[ 3.06640625  3.13359375  3.20078125  3.26796875  3.33515625  3.40234375
  3.46953125  3.53671875  3.60390625  3.67109375  3.73828125  3.80546875
  3.87265625  3.93984375  4.00703125  4.07421875  4.14140625  4.20859375
  4.27578125  4.34296875  4.41015625  4.47734375  4.54453125  4.61171875
  4.67890625  4.74609375  4.81328125  4.88046875  4.94765625  5.01484375
  5.08203125  5.14921875  5.21640625  5.28359375  5.35078125  5.41796875
  5.48515625  5.55234375  5.61953125  5.68671875  5.75390625  5.82109375
  5.88828125  5.95546875  6.02265625  6.08984375  6.15703125  6.22421875
  6.29140625  6.35859375  6.42578125  6.49296875  6.56015625  6.62734375
  6.69453125  6.76171875  6.82890625  6.89609375  6.96328125  7.03046875
  7.09765625  7.16484375  7.23203125  7.29921875  7.36640625  7.43359375]
newz = 
[ 2.87209791  2.93928541  3.00647291  3.07366041  3.14084791  3.20803541
  3.27522291  3.34241041  3.40959791  3.47678541  3.54397291  3.61116041
  3.67834791  3.74553541  3.81272291  3.87991041  3.94709791  4.01428541
  4.08147291  4.14866041  4.21584791  4.28303541  4.35022291  4.41741041
  4.48459791  4.55178541  4.61897291  4.68616041  4.75334791  4.82053541
  4.88772291  4.95491041  5.02209791  5.08928541  5.15647291  5.22366041
  5.29084791  5.35803541  5.42522291  5.49241041  5.55959791  5.62678541
  5.69397291  5.76116041  5.82834791  5.89553541  5.96272291  6.02991041
  6.09709791  6.16428541  6.23147291  6.29866041  6.36584791  6.43303541
  6.50022291  6.56741041  6.63459791  6.70178541  6.76897291  6.83616041
  6.90334791  6.97053541  7.03772291  7.10491041  7.17209791  7.23928541]
perz = 
[7.1720979075439013, 7.2392854075439015, 7.3064729075439008, 7.3736604075439018, 3.1408479075439004, 3.2080354075439006, 3.2752229075439008, 3.3424104075439005, 3.4095979075439007, 3.4767854075439004, 3.5439729075439006, 3.6111604075439008, 3.6783479075439005, 3.7455354075439007, 3.8127229075439004, 3.8799104075439006, 3.9470979075439008, 4.014285407543901, 4.0814729075439002, 4.1486604075439004, 4.2158479075439006, 4.2830354075439008, 4.350222907543901, 4.4174104075439002, 4.4845979075439004, 4.5517854075439006, 4.6189729075439008, 4.686160407543901, 4.7533479075439002, 4.8205354075439004, 4.8877229075439006, 4.9549104075438999, 5.022097907543901, 5.0892854075439002, 5.1564729075439004, 5.2236604075439006, 5.2908479075438999, 5.358035407543901, 5.4252229075439002, 5.4924104075439004, 5.5595979075439006, 5.6267854075438999, 5.693972907543901, 5.7611604075439002, 5.8283479075439004, 5.8955354075439006, 5.9627229075438999, 6.029910407543901, 6.0970979075439002, 6.1642854075439004, 6.2314729075439006, 6.2986604075438999, 6.365847907543901, 6.4330354075439002, 6.5002229075439004, 6.5674104075439006, 6.6345979075438999, 6.701785407543901, 6.7689729075439002, 6.8361604075439004, 6.9033479075439006, 6.9705354075439008, 7.0377229075439001, 7.1049104075439002, 7.1720979075439004, 7.2392854075439006]
res = 
[  5.68305593e-05   8.54296144e-05   1.13205936e-04   1.39892022e-04
   1.65230871e-04   1.88978457e-04   2.10906077e-04   2.30802557e-04
   2.48476281e-04   2.63757043e-04   2.76497681e-04   2.86575495e-04
   2.93893430e-04   2.98381010e-04   2.99995019e-04   2.98719911e-04
   2.94567968e-04   2.87579173e-04   2.77820835e-04   2.65386929e-04
   2.50397203e-04   2.32996014e-04   2.13350947e-04   1.91651193e-04
   1.68105734e-04   1.42941324e-04   1.16400311e-04   8.87383000e-05
   6.02216904e-05   3.11251129e-05   1.72878364e-06  -2.76841948e-05
  -5.68305593e-05  -8.54296144e-05  -1.13205936e-04  -1.39892022e-04
  -1.65230871e-04  -1.88978457e-04  -2.10906077e-04  -2.30802557e-04
  -2.48476281e-04  -2.63757043e-04  -2.76497681e-04  -2.86575495e-04
  -2.93893430e-04  -2.98381010e-04  -2.99995019e-04  -2.98719911e-04
  -2.94567968e-04  -2.87579173e-04  -2.77820835e-04  -2.65386929e-04
  -2.50397203e-04  -2.32996014e-04  -2.13350947e-04  -1.91651193e-04
  -1.68105734e-04  -1.42941324e-04  -1.16400311e-04  -8.87383000e-05
  -6.02216904e-05  -3.11251129e-05  -1.72878364e-06   2.76841948e-05
   5.68305593e-05   8.54296144e-05]
Time now is 0.103
CS0 = 1.291, Time param is 0.155  z = 
[ 3.06640625  3.13359375  3.20078125  3.26796875  3.33515625  3.40234375
  3.46953125  3.53671875  3.60390625  3.67109375  3.73828125  3.80546875
  3.87265625  3.93984375  4.00703125  4.07421875  4.14140625  4.20859375
  4.27578125  4.34296875  4.41015625  4.47734375  4.54453125  4.61171875
  4.67890625  4.74609375  4.81328125  4.88046875  4.94765625  5.01484375
  5.08203125  5.14921875  5.21640625  5.28359375  5.35078125  5.41796875
  5.48515625  5.55234375  5.61953125  5.68671875  5.75390625  5.82109375
  5.88828125  5.95546875  6.02265625  6.08984375  6.15703125  6.22421875
  6.29140625  6.35859375  6.42578125  6.49296875  6.56015625  6.62734375
  6.69453125  6.76171875  6.82890625  6.89609375  6.96328125  7.03046875
  7.09765625  7.16484375  7.23203125  7.29921875  7.36640625  7.43359375]
newz = 
[ 2.77494373  2.84213123  2.90931873  2.97650623  3.04369373  3.11088123
  3.17806873  3.24525623  3.31244373  3.37963123  3.44681873  3.51400623
  3.58119373  3.64838123  3.71556873  3.78275623  3.84994373  3.91713123
  3.98431873  4.05150623  4.11869373  4.18588123  4.25306873  4.32025623
  4.38744373  4.45463123  4.52181873  4.58900623  4.65619373  4.72338123
  4.79056873  4.85775623  4.92494373  4.99213123  5.05931873  5.12650623
  5.19369373  5.26088123  5.32806873  5.39525623  5.46244373  5.52963123
  5.59681873  5.66400623  5.73119373  5.79838123  5.86556873  5.93275623
  5.99994373  6.06713123  6.13431873  6.20150623  6.26869373  6.33588123
  6.40306873  6.47025623  6.53744373  6.60463123  6.67181873  6.73900623
  6.80619373  6.87338123  6.94056873  7.00775623  7.07494373  7.14213123]
perz = 
[7.0749437314428079, 7.1421312314428071, 7.2093187314428073, 7.2765062314428075, 7.3436937314428068, 3.1108812314428067, 3.1780687314428069, 3.2452562314428066, 3.3124437314428068, 3.3796312314428065, 3.4468187314428067, 3.5140062314428069, 3.5811937314428066, 3.6483812314428068, 3.7155687314428065, 3.7827562314428067, 3.8499437314428069, 3.9171312314428071, 3.9843187314428063, 4.0515062314428061, 4.1186937314428063, 4.1858812314428064, 4.2530687314428066, 4.3202562314428059, 4.3874437314428061, 4.4546312314428063, 4.5218187314428064, 4.5890062314428066, 4.6561937314428059, 4.7233812314428061, 4.7905687314428063, 4.8577562314428056, 4.9249437314428066, 4.9921312314428059, 5.0593187314428061, 5.1265062314428063, 5.1936937314428056, 5.2608812314428066, 5.3280687314428059, 5.3952562314428061, 5.4624437314428063, 5.5296312314428056, 5.5968187314428066, 5.6640062314428059, 5.7311937314428061, 5.7983812314428063, 5.8655687314428056, 5.9327562314428066, 5.9999437314428059, 6.0671312314428061, 6.1343187314428063, 6.2015062314428056, 6.2686937314428066, 6.3358812314428059, 6.4030687314428061, 6.4702562314428063, 6.5374437314428056, 6.6046312314428066, 6.6718187314428059, 6.7390062314428061, 6.8061937314428063, 6.8733812314428064, 6.9405687314428057, 7.0077562314428059, 7.0749437314428061, 7.1421312314428063]
res = 
[  1.45816453e-05   4.38818175e-05   7.27593838e-05   1.00936238e-04
   1.28141020e-04   1.54111735e-04   1.78598269e-04   2.01364804e-04
   2.22192086e-04   2.40879537e-04   2.57247186e-04   2.71137405e-04
   2.82416421e-04   2.90975614e-04   2.96732552e-04   2.99631793e-04
   2.99645416e-04   2.96773291e-04   2.91043076e-04   2.82509957e-04
   2.71256113e-04   2.57389925e-04   2.41044930e-04   2.22378541e-04
   2.01570526e-04   1.78821276e-04   1.54349879e-04   1.28392009e-04
   1.01197653e-04   7.30287085e-05   4.41564578e-05   1.48589562e-05
  -1.45816453e-05  -4.38818175e-05  -7.27593838e-05  -1.00936238e-04
  -1.28141020e-04  -1.54111735e-04  -1.78598269e-04  -2.01364804e-04
  -2.22192086e-04  -2.40879537e-04  -2.57247186e-04  -2.71137405e-04
  -2.82416421e-04  -2.90975614e-04  -2.96732552e-04  -2.99631793e-04
  -2.99645416e-04  -2.96773291e-04  -2.91043076e-04  -2.82509957e-04
  -2.71256113e-04  -2.57389925e-04  -2.41044930e-04  -2.22378541e-04
  -2.01570526e-04  -1.78821276e-04  -1.54349879e-04  -1.28392009e-04
  -1.01197653e-04  -7.30287085e-05  -4.41564578e-05  -1.48589562e-05
   1.45816453e-05   4.38818175e-05]
Time now is 0.155
CS0 = 1.291, Time param is 0.206  z = 
[ 3.06640625  3.13359375  3.20078125  3.26796875  3.33515625  3.40234375
  3.46953125  3.53671875  3.60390625  3.67109375  3.73828125  3.80546875
  3.87265625  3.93984375  4.00703125  4.07421875  4.14140625  4.20859375
  4.27578125  4.34296875  4.41015625  4.47734375  4.54453125  4.61171875
  4.67890625  4.74609375  4.81328125  4.88046875  4.94765625  5.01484375
  5.08203125  5.14921875  5.21640625  5.28359375  5.35078125  5.41796875
  5.48515625  5.55234375  5.61953125  5.68671875  5.75390625  5.82109375
  5.88828125  5.95546875  6.02265625  6.08984375  6.15703125  6.22421875
  6.29140625  6.35859375  6.42578125  6.49296875  6.56015625  6.62734375
  6.69453125  6.76171875  6.82890625  6.89609375  6.96328125  7.03046875
  7.09765625  7.16484375  7.23203125  7.29921875  7.36640625  7.43359375]
newz = 
[ 2.67778955  2.74497705  2.81216455  2.87935205  2.94653955  3.01372705
  3.08091455  3.14810205  3.21528955  3.28247705  3.34966455  3.41685205
  3.48403955  3.55122705  3.61841455  3.68560205  3.75278955  3.81997705
  3.88716455  3.95435205  4.02153955  4.08872705  4.15591455  4.22310205
  4.29028955  4.35747705  4.42466455  4.49185205  4.55903955  4.62622705
  4.69341455  4.76060205  4.82778955  4.89497705  4.96216455  5.02935205
  5.09653955  5.16372705  5.23091455  5.29810205  5.36528955  5.43247705
  5.49966455  5.56685205  5.63403955  5.70122705  5.76841455  5.83560205
  5.90278955  5.96997705  6.03716455  6.10435205  6.17153955  6.23872705
  6.30591455  6.37310205  6.44028955  6.50747705  6.57466455  6.64185205
  6.70903955  6.77622705  6.84341455  6.91060205  6.97778955  7.04497705]
perz = 
[6.9777895519231539, 7.044977051923154, 7.1121645519231542, 7.1793520519231535, 7.2465395519231537, 7.3137270519231539, 7.380914551923154, 3.1481020519231531, 3.2152895519231532, 3.282477051923153, 3.3496645519231532, 3.4168520519231533, 3.4840395519231531, 3.5512270519231532, 3.618414551923153, 3.6856020519231532, 3.7527895519231533, 3.8199770519231535, 3.8871645519231528, 3.954352051923153, 4.0215395519231532, 4.0887270519231533, 4.1559145519231535, 4.2231020519231528, 4.290289551923153, 4.3574770519231532, 4.4246645519231533, 4.4918520519231535, 4.5590395519231528, 4.626227051923153, 4.6934145519231532, 4.7606020519231524, 4.8277895519231535, 4.8949770519231528, 4.962164551923153, 5.0293520519231532, 5.0965395519231524, 5.1637270519231535, 5.2309145519231528, 5.298102051923153, 5.3652895519231532, 5.4324770519231524, 5.4996645519231535, 5.5668520519231528, 5.634039551923153, 5.7012270519231532, 5.7684145519231524, 5.8356020519231535, 5.9027895519231528, 5.969977051923153, 6.0371645519231532, 6.1043520519231524, 6.1715395519231535, 6.2387270519231528, 6.305914551923153, 6.3731020519231532, 6.4402895519231524, 6.5074770519231535, 6.5746645519231528, 6.641852051923153, 6.7090395519231532, 6.7762270519231533, 6.8434145519231526, 6.9106020519231528, 6.977789551923153, 7.0449770519231532]
res = 
[ -2.79606451e-05   1.45114067e-06   3.08489511e-05   5.99496693e-05
   8.84730394e-05   1.16144366e-04   1.42697158e-04   1.67875699e-04
   1.91437506e-04   2.13155664e-04   2.32821017e-04   2.50244176e-04
   2.65257347e-04   2.77715945e-04   2.87499986e-04   2.94515245e-04
   2.98694162e-04   2.99996490e-04   2.98409689e-04   2.93949038e-04
   2.86657498e-04   2.76605290e-04   2.63889221e-04   2.48631755e-04
   2.30979829e-04   2.11103441e-04   1.89194012e-04   1.65462541e-04
   1.40137575e-04   1.13463007e-04   8.56957293e-05   5.71031545e-05
   2.79606451e-05  -1.45114067e-06  -3.08489511e-05  -5.99496693e-05
  -8.84730394e-05  -1.16144366e-04  -1.42697158e-04  -1.67875699e-04
  -1.91437506e-04  -2.13155664e-04  -2.32821017e-04  -2.50244176e-04
  -2.65257347e-04  -2.77715945e-04  -2.87499986e-04  -2.94515245e-04
  -2.98694162e-04  -2.99996490e-04  -2.98409689e-04  -2.93949038e-04
  -2.86657498e-04  -2.76605290e-04  -2.63889221e-04  -2.48631755e-04
  -2.30979829e-04  -2.11103441e-04  -1.89194012e-04  -1.65462541e-04
  -1.40137575e-04  -1.13463007e-04  -8.56957293e-05  -5.71031545e-05
  -2.79606451e-05   1.45114067e-06]
Time now is 0.206
CS0 = 1.291, Time param is 0.258  z = 
[ 3.06640625  3.13359375  3.20078125  3.26796875  3.33515625  3.40234375
  3.46953125  3.53671875  3.60390625  3.67109375  3.73828125  3.80546875
  3.87265625  3.93984375  4.00703125  4.07421875  4.14140625  4.20859375
  4.27578125  4.34296875  4.41015625  4.47734375  4.54453125  4.61171875
  4.67890625  4.74609375  4.81328125  4.88046875  4.94765625  5.01484375
  5.08203125  5.14921875  5.21640625  5.28359375  5.35078125  5.41796875
  5.48515625  5.55234375  5.61953125  5.68671875  5.75390625  5.82109375
  5.88828125  5.95546875  6.02265625  6.08984375  6.15703125  6.22421875
  6.29140625  6.35859375  6.42578125  6.49296875  6.56015625  6.62734375
  6.69453125  6.76171875  6.82890625  6.89609375  6.96328125  7.03046875
  7.09765625  7.16484375  7.23203125  7.29921875  7.36640625  7.43359375]
newz = 
[ 2.58063537  2.64782287  2.71501037  2.78219787  2.84938537  2.91657287
  2.98376037  3.05094787  3.11813537  3.18532287  3.25251037  3.31969787
  3.38688537  3.45407287  3.52126037  3.58844787  3.65563537  3.72282287
  3.79001037  3.85719787  3.92438537  3.99157287  4.05876037  4.12594787
  4.19313537  4.26032287  4.32751037  4.39469787  4.46188537  4.52907287
  4.59626037  4.66344787  4.73063537  4.79782287  4.86501037  4.93219787
  4.99938537  5.06657287  5.13376037  5.20094787  5.26813537  5.33532287
  5.40251037  5.46969787  5.53688537  5.60407287  5.67126037  5.73844787
  5.80563537  5.87282287  5.94001037  6.00719787  6.07438537  6.14157287
  6.20876037  6.27594787  6.34313537  6.41032287  6.47751037  6.54469787
  6.61188537  6.67907287  6.74626037  6.81344787  6.88063537  6.94782287]
perz = 
[6.880635368906761, 6.9478228689067612, 7.0150103689067613, 7.0821978689067606, 7.1493853689067608, 7.216572868906761, 7.2837603689067612, 7.3509478689067613, 3.1181353689067604, 3.1853228689067601, 3.2525103689067603, 3.3196978689067604, 3.3868853689067602, 3.4540728689067604, 3.5212603689067601, 3.5884478689067603, 3.6556353689067604, 3.7228228689067606, 3.7900103689067599, 3.8571978689067601, 3.9243853689067603, 3.9915728689067604, 4.0587603689067606, 4.1259478689067599, 4.1931353689067601, 4.2603228689067603, 4.3275103689067604, 4.3946978689067606, 4.4618853689067599, 4.5290728689067601, 4.5962603689067603, 4.6634478689067596, 4.7306353689067606, 4.7978228689067599, 4.8650103689067601, 4.9321978689067603, 4.9993853689067596, 5.0665728689067606, 5.1337603689067599, 5.2009478689067601, 5.2681353689067603, 5.3353228689067596, 5.4025103689067606, 5.4696978689067599, 5.5368853689067601, 5.6040728689067603, 5.6712603689067596, 5.7384478689067606, 5.8056353689067599, 5.8728228689067601, 5.9400103689067603, 6.0071978689067596, 6.0743853689067606, 6.1415728689067599, 6.2087603689067601, 6.2759478689067603, 6.3431353689067596, 6.4103228689067606, 6.4775103689067599, 6.5446978689067601, 6.6118853689067603, 6.6790728689067604, 6.7462603689067597, 6.8134478689067599, 6.8806353689067601, 6.9478228689067603]
res = 
[ -6.99403838e-05  -4.10087338e-05  -1.16821473e-05   1.77569446e-05
   4.70250275e-05   7.58402336e-05   1.03925057e-04   1.31009025e-04
   1.56831305e-04   1.81143213e-04   2.03710613e-04   2.24316169e-04
   2.42761437e-04   2.58868780e-04   2.72483075e-04   2.83473210e-04
   2.91733342e-04   2.97183922e-04   2.99772459e-04   2.99474024e-04
   2.96291490e-04   2.90255506e-04   2.81424204e-04   2.69882633e-04
   2.55741944e-04   2.39138321e-04   2.20231664e-04   1.99204057e-04
   1.76258006e-04   1.51614493e-04   1.25510851e-04   9.81984696e-05
   6.99403838e-05   4.10087338e-05   1.16821473e-05  -1.77569446e-05
  -4.70250275e-05  -7.58402336e-05  -1.03925057e-04  -1.31009025e-04
  -1.56831305e-04  -1.81143213e-04  -2.03710613e-04  -2.24316169e-04
  -2.42761437e-04  -2.58868780e-04  -2.72483075e-04  -2.83473210e-04
  -2.91733342e-04  -2.97183922e-04  -2.99772459e-04  -2.99474024e-04
  -2.96291490e-04  -2.90255506e-04  -2.81424204e-04  -2.69882633e-04
  -2.55741944e-04  -2.39138321e-04  -2.20231664e-04  -1.99204057e-04
  -1.76258006e-04  -1.51614493e-04  -1.25510851e-04  -9.81984696e-05
  -6.99403838e-05  -4.10087338e-05]
Time now is 0.258
CS0 = 1.291, Time param is 0.309  z = 
[ 3.06640625  3.13359375  3.20078125  3.26796875  3.33515625  3.40234375
  3.46953125  3.53671875  3.60390625  3.67109375  3.73828125  3.80546875
  3.87265625  3.93984375  4.00703125  4.07421875  4.14140625  4.20859375
  4.27578125  4.34296875  4.41015625  4.47734375  4.54453125  4.61171875
  4.67890625  4.74609375  4.81328125  4.88046875  4.94765625  5.01484375
  5.08203125  5.14921875  5.21640625  5.28359375  5.35078125  5.41796875
  5.48515625  5.55234375  5.61953125  5.68671875  5.75390625  5.82109375
  5.88828125  5.95546875  6.02265625  6.08984375  6.15703125  6.22421875
  6.29140625  6.35859375  6.42578125  6.49296875  6.56015625  6.62734375
  6.69453125  6.76171875  6.82890625  6.89609375  6.96328125  7.03046875
  7.09765625  7.16484375  7.23203125  7.29921875  7.36640625  7.43359375]
newz = 
[ 2.48348118  2.55066868  2.61785618  2.68504368  2.75223118  2.81941868
  2.88660618  2.95379368  3.02098118  3.08816868  3.15535618  3.22254368
  3.28973118  3.35691868  3.42410618  3.49129368  3.55848118  3.62566868
  3.69285618  3.76004368  3.82723118  3.89441868  3.96160618  4.02879368
  4.09598118  4.16316868  4.23035618  4.29754368  4.36473118  4.43191868
  4.49910618  4.56629368  4.63348118  4.70066868  4.76785618  4.83504368
  4.90223118  4.96941868  5.03660618  5.10379368  5.17098118  5.23816868
  5.30535618  5.37254368  5.43973118  5.50691868  5.57410618  5.64129368
  5.70848118  5.77566868  5.84285618  5.91004368  5.97723118  6.04441868
  6.11160618  6.17879368  6.24598118  6.31316868  6.38035618  6.44754368
  6.51473118  6.58191868  6.64910618  6.71629368  6.78348118  6.85066868]
perz = 
[6.7834811823664118, 6.8506686823664129, 6.9178561823664122, 6.9850436823664124, 7.0522311823664126, 7.1194186823664118, 7.1866061823664129, 7.2537936823664122, 7.3209811823664124, 7.3881686823664126, 3.1553561823664116, 3.2225436823664118, 3.2897311823664115, 3.3569186823664117, 3.4241061823664114, 3.4912936823664116, 3.5584811823664118, 3.6256686823664119, 3.6928561823664112, 3.7600436823664114, 3.8272311823664116, 3.8944186823664118, 3.9616061823664119, 4.0287936823664108, 4.0959811823664118, 4.1631686823664111, 4.2303561823664122, 4.2975436823664115, 4.3647311823664108, 4.4319186823664118, 4.4991061823664111, 4.5662936823664104, 4.6334811823664115, 4.7006686823664108, 4.7678561823664118, 4.8350436823664111, 4.9022311823664104, 4.9694186823664115, 5.0366061823664108, 5.1037936823664118, 5.1709811823664111, 5.2381686823664104, 5.3053561823664115, 5.3725436823664108, 5.4397311823664118, 5.5069186823664111, 5.5741061823664104, 5.6412936823664115, 5.7084811823664108, 5.7756686823664118, 5.8428561823664111, 5.9100436823664104, 5.9772311823664115, 6.0444186823664108, 6.1116061823664118, 6.1787936823664111, 6.2459811823664104, 6.3131686823664115, 6.3803561823664108, 6.4475436823664118, 6.5147311823664111, 6.5819186823664122, 6.6491061823664115, 6.7162936823664108, 6.7834811823664118, 6.8506686823664111]
res = 
[ -1.10512961e-04  -8.26435362e-05  -5.39782088e-05  -2.47930418e-05
   4.63089583e-06   3.40102354e-05   6.30620377e-05   9.15065182e-05
   1.19069741e-04   1.45486257e-04   1.70501661e-04   1.93875040e-04
   2.15381297e-04   2.34813315e-04   2.51983951e-04   2.66727845e-04
   2.78903004e-04   2.88392174e-04   2.95103970e-04   2.98973753e-04
   2.99964256e-04   2.98065939e-04   2.93297084e-04   2.85703618e-04
   2.75358669e-04   2.62361867e-04   2.46838376e-04   2.28937696e-04
   2.08832222e-04   1.86715579e-04   1.62800762e-04   1.37318086e-04
   1.10512961e-04   8.26435362e-05   5.39782088e-05   2.47930418e-05
  -4.63089583e-06  -3.40102354e-05  -6.30620377e-05  -9.15065182e-05
  -1.19069741e-04  -1.45486257e-04  -1.70501661e-04  -1.93875040e-04
  -2.15381297e-04  -2.34813315e-04  -2.51983951e-04  -2.66727845e-04
  -2.78903004e-04  -2.88392174e-04  -2.95103970e-04  -2.98973753e-04
  -2.99964256e-04  -2.98065939e-04  -2.93297084e-04  -2.85703618e-04
  -2.75358669e-04  -2.62361867e-04  -2.46838376e-04  -2.28937696e-04
  -2.08832222e-04  -1.86715579e-04  -1.62800762e-04  -1.37318086e-04
  -1.10512961e-04  -8.26435362e-05]
Time now is 0.309
CS0 = 1.291, Time param is 0.361  z = 
[ 3.06640625  3.13359375  3.20078125  3.26796875  3.33515625  3.40234375
  3.46953125  3.53671875  3.60390625  3.67109375  3.73828125  3.80546875
  3.87265625  3.93984375  4.00703125  4.07421875  4.14140625  4.20859375
  4.27578125  4.34296875  4.41015625  4.47734375  4.54453125  4.61171875
  4.67890625  4.74609375  4.81328125  4.88046875  4.94765625  5.01484375
  5.08203125  5.14921875  5.21640625  5.28359375  5.35078125  5.41796875
  5.48515625  5.55234375  5.61953125  5.68671875  5.75390625  5.82109375
  5.88828125  5.95546875  6.02265625  6.08984375  6.15703125  6.22421875
  6.29140625  6.35859375  6.42578125  6.49296875  6.56015625  6.62734375
  6.69453125  6.76171875  6.82890625  6.89609375  6.96328125  7.03046875
  7.09765625  7.16484375  7.23203125  7.29921875  7.36640625  7.43359375]
newz = 
[ 2.38632699  2.45351449  2.52070199  2.58788949  2.65507699  2.72226449
  2.78945199  2.85663949  2.92382699  2.99101449  3.05820199  3.12538949
  3.19257699  3.25976449  3.32695199  3.39413949  3.46132699  3.52851449
  3.59570199  3.66288949  3.73007699  3.79726449  3.86445199  3.93163949
  3.99882699  4.06601449  4.13320199  4.20038949  4.26757699  4.33476449
  4.40195199  4.46913949  4.53632699  4.60351449  4.67070199  4.73788949
  4.80507699  4.87226449  4.93945199  5.00663949  5.07382699  5.14101449
  5.20820199  5.27538949  5.34257699  5.40976449  5.47695199  5.54413949
  5.61132699  5.67851449  5.74570199  5.81288949  5.88007699  5.94726449
  6.01445199  6.08163949  6.14882699  6.21601449  6.28320199  6.35038949
  6.41757699  6.48476449  6.55195199  6.61913949  6.68632699  6.75351449]
perz = 
[6.6863269923262596, 6.7535144923262589, 6.8207019923262591, 6.8878894923262592, 6.9550769923262585, 7.0222644923262596, 7.0894519923262589, 7.1566394923262591, 7.2238269923262592, 7.2910144923262585, 7.3582019923262596, 3.1253894923262586, 3.1925769923262584, 3.2597644923262585, 3.3269519923262583, 3.3941394923262584, 3.4613269923262586, 3.5285144923262588, 3.5957019923262581, 3.6628894923262583, 3.7300769923262584, 3.7972644923262586, 3.8644519923262588, 3.9316394923262581, 3.9988269923262583, 4.0660144923262589, 4.1332019923262591, 4.2003894923262592, 4.2675769923262585, 4.3347644923262587, 4.4019519923262589, 4.4691394923262582, 4.5363269923262592, 4.6035144923262585, 4.6707019923262587, 4.7378894923262589, 4.8050769923262582, 4.8722644923262592, 4.9394519923262585, 5.0066394923262587, 5.0738269923262589, 5.1410144923262582, 5.2082019923262592, 5.2753894923262585, 5.3425769923262587, 5.4097644923262589, 5.4769519923262582, 5.5441394923262592, 5.6113269923262585, 5.6785144923262587, 5.7457019923262589, 5.8128894923262582, 5.8800769923262592, 5.9472644923262585, 6.0144519923262587, 6.0816394923262589, 6.1488269923262582, 6.2160144923262592, 6.2832019923262585, 6.3503894923262587, 6.4175769923262589, 6.4847644923262591, 6.5519519923262584, 6.6191394923262585, 6.6863269923262587, 6.7535144923262589]
res = 
[ -1.48862078e-04  -1.22615596e-04  -9.51882592e-05  -6.68442070e-05
  -3.78564085e-05  -8.50403210e-06   2.09302428e-05   5.01629480e-05
   7.89125565e-05   1.06902194e-04   1.33862305e-04   1.59533249e-04
   1.83667800e-04   2.06033530e-04   2.26415045e-04   2.44616059e-04
   2.60461286e-04   2.73798129e-04   2.84498146e-04   2.92458291e-04
   2.97601902e-04   2.99879445e-04   2.99268984e-04   2.95776400e-04
   2.89435327e-04   2.80306834e-04   2.68478832e-04   2.54065233e-04
   2.37204846e-04   2.18060048e-04   1.96815212e-04   1.73674937e-04
   1.48862078e-04   1.22615596e-04   9.51882592e-05   6.68442070e-05
   3.78564085e-05   8.50403210e-06  -2.09302428e-05  -5.01629480e-05
  -7.89125565e-05  -1.06902194e-04  -1.33862305e-04  -1.59533249e-04
  -1.83667800e-04  -2.06033530e-04  -2.26415045e-04  -2.44616059e-04
  -2.60461286e-04  -2.73798129e-04  -2.84498146e-04  -2.92458291e-04
  -2.97601902e-04  -2.99879445e-04  -2.99268984e-04  -2.95776400e-04
  -2.89435327e-04  -2.80306834e-04  -2.68478832e-04  -2.54065233e-04
  -2.37204846e-04  -2.18060048e-04  -1.96815212e-04  -1.73674937e-04
  -1.48862078e-04  -1.22615596e-04]
Time now is 0.361
CS0 = 1.291, Time param is 0.412  z = 
[ 3.06640625  3.13359375  3.20078125  3.26796875  3.33515625  3.40234375
  3.46953125  3.53671875  3.60390625  3.67109375  3.73828125  3.80546875
  3.87265625  3.93984375  4.00703125  4.07421875  4.14140625  4.20859375
  4.27578125  4.34296875  4.41015625  4.47734375  4.54453125  4.61171875
  4.67890625  4.74609375  4.81328125  4.88046875  4.94765625  5.01484375
  5.08203125  5.14921875  5.21640625  5.28359375  5.35078125  5.41796875
  5.48515625  5.55234375  5.61953125  5.68671875  5.75390625  5.82109375
  5.88828125  5.95546875  6.02265625  6.08984375  6.15703125  6.22421875
  6.29140625  6.35859375  6.42578125  6.49296875  6.56015625  6.62734375
  6.69453125  6.76171875  6.82890625  6.89609375  6.96328125  7.03046875
  7.09765625  7.16484375  7.23203125  7.29921875  7.36640625  7.43359375]
newz = 
[ 2.2891728  2.3563603  2.4235478  2.4907353  2.5579228  2.6251103
  2.6922978  2.7594853  2.8266728  2.8938603  2.9610478  3.0282353
  3.0954228  3.1626103  3.2297978  3.2969853  3.3641728  3.4313603
  3.4985478  3.5657353  3.6329228  3.7001103  3.7672978  3.8344853
  3.9016728  3.9688603  4.0360478  4.1032353  4.1704228  4.2376103
  4.3047978  4.3719853  4.4391728  4.5063603  4.5735478  4.6407353
  4.7079228  4.7751103  4.8422978  4.9094853  4.9766728  5.0438603
  5.1110478  5.1782353  5.2454228  5.3126103  5.3797978  5.4469853
  5.5141728  5.5813603  5.6485478  5.7157353  5.7829228  5.8501103
  5.9172978  5.9844853  6.0516728  6.1188603  6.1860478  6.2532353
  6.3204228  6.3876103  6.4547978  6.5219853  6.5891728  6.6563603]
perz = 
[6.5891727988539808, 6.656360298853981, 6.7235477988539802, 6.7907352988539813, 6.8579227988539806, 6.9251102988539808, 6.992297798853981, 7.0594852988539802, 7.1266727988539813, 7.1938602988539806, 7.2610477988539808, 7.328235298853981, 7.3954227988539802, 3.1626102988539802, 3.2297977988539799, 3.2969852988539801, 3.3641727988539802, 3.4313602988539804, 3.4985477988539797, 3.5657352988539799, 3.6329227988539801, 3.7001102988539802, 3.7672977988539804, 3.8344852988539797, 3.9016727988539799, 3.9688602988539801, 4.0360477988539802, 4.1032352988539804, 4.1704227988539797, 4.2376102988539799, 4.3047977988539801, 4.3719852988539794, 4.4391727988539804, 4.5063602988539797, 4.5735477988539799, 4.6407352988539801, 4.7079227988539794, 4.7751102988539804, 4.8422977988539797, 4.9094852988539799, 4.9766727988539801, 5.0438602988539794, 5.1110477988539804, 5.1782352988539797, 5.2454227988539799, 5.3126102988539801, 5.3797977988539794, 5.4469852988539804, 5.5141727988539797, 5.5813602988539799, 5.6485477988539801, 5.7157352988539794, 5.7829227988539804, 5.8501102988539797, 5.9172977988539799, 5.9844852988539801, 6.0516727988539794, 6.1188602988539804, 6.1860477988539797, 6.2532352988539799, 6.3204227988539801, 6.3876102988539802, 6.4547977988539795, 6.5219852988539797, 6.5891727988539799, 6.6563602988539801]
res = 
[ -1.84216172e-04  -1.60120698e-04  -1.34483174e-04  -1.07550504e-04
  -7.95820636e-05  -5.08472045e-05  -2.16226590e-05   7.81012457e-06
   3.71676923e-05   6.61673149e-05   9.45297101e-05   1.21981732e-04
   1.48259004e-04   1.73108460e-04   1.96290788e-04   2.17582727e-04
   2.36779226e-04   2.53695412e-04   2.68168372e-04   2.80058724e-04
   2.89251958e-04   2.95659537e-04   2.99219753e-04   2.99898319e-04
   2.97688701e-04   2.92612178e-04   2.84717639e-04   2.74081114e-04
   2.60805038e-04   2.45017267e-04   2.26869845e-04   2.06537543e-04
   1.84216172e-04   1.60120698e-04   1.34483174e-04   1.07550504e-04
   7.95820636e-05   5.08472045e-05   2.16226590e-05  -7.81012457e-06
  -3.71676923e-05  -6.61673149e-05  -9.45297101e-05  -1.21981732e-04
  -1.48259004e-04  -1.73108460e-04  -1.96290788e-04  -2.17582727e-04
  -2.36779226e-04  -2.53695412e-04  -2.68168372e-04  -2.80058724e-04
  -2.89251958e-04  -2.95659537e-04  -2.99219753e-04  -2.99898319e-04
  -2.97688701e-04  -2.92612178e-04  -2.84717639e-04  -2.74081114e-04
  -2.60805038e-04  -2.45017267e-04  -2.26869845e-04  -2.06537543e-04
  -1.84216172e-04  -1.60120698e-04]
Time now is 0.412
CS0 = 1.291, Time param is 0.464  z = 
[ 3.06640625  3.13359375  3.20078125  3.26796875  3.33515625  3.40234375
  3.46953125  3.53671875  3.60390625  3.67109375  3.73828125  3.80546875
  3.87265625  3.93984375  4.00703125  4.07421875  4.14140625  4.20859375
  4.27578125  4.34296875  4.41015625  4.47734375  4.54453125  4.61171875
  4.67890625  4.74609375  4.81328125  4.88046875  4.94765625  5.01484375
  5.08203125  5.14921875  5.21640625  5.28359375  5.35078125  5.41796875
  5.48515625  5.55234375  5.61953125  5.68671875  5.75390625  5.82109375
  5.88828125  5.95546875  6.02265625  6.08984375  6.15703125  6.22421875
  6.29140625  6.35859375  6.42578125  6.49296875  6.56015625  6.62734375
  6.69453125  6.76171875  6.82890625  6.89609375  6.96328125  7.03046875
  7.09765625  7.16484375  7.23203125  7.29921875  7.36640625  7.43359375]
newz = 
[ 2.1920186  2.2592061  2.3263936  2.3935811  2.4607686  2.5279561
  2.5951436  2.6623311  2.7295186  2.7967061  2.8638936  2.9310811
  2.9982686  3.0654561  3.1326436  3.1998311  3.2670186  3.3342061
  3.4013936  3.4685811  3.5357686  3.6029561  3.6701436  3.7373311
  3.8045186  3.8717061  3.9388936  4.0060811  4.0732686  4.1404561
  4.2076436  4.2748311  4.3420186  4.4092061  4.4763936  4.5435811
  4.6107686  4.6779561  4.7451436  4.8123311  4.8795186  4.9467061
  5.0138936  5.0810811  5.1482686  5.2154561  5.2826436  5.3498311
  5.4170186  5.4842061  5.5513936  5.6185811  5.6857686  5.7529561
  5.8201436  5.8873311  5.9545186  6.0217061  6.0888936  6.1560811
  6.2232686  6.2904561  6.3576436  6.4248311  6.4920186  6.5592061]
perz = 
[6.4920186020458566, 6.5592061020458559, 6.626393602045856, 6.6935811020458562, 6.7607686020458555, 6.8279561020458566, 6.8951436020458559, 6.962331102045856, 7.0295186020458562, 7.0967061020458555, 7.1638936020458566, 7.2310811020458559, 7.298268602045856, 7.3654561020458562, 3.1326436020458552, 3.1998311020458554, 3.2670186020458556, 3.3342061020458558, 3.4013936020458551, 3.4685811020458552, 3.5357686020458554, 3.6029561020458556, 3.6701436020458558, 3.7373311020458551, 3.8045186020458552, 3.8717061020458554, 3.9388936020458556, 4.0060811020458553, 4.0732686020458546, 4.1404561020458548, 4.207643602045855, 4.2748311020458543, 4.3420186020458553, 4.4092061020458546, 4.4763936020458548, 4.543581102045855, 4.6107686020458543, 4.6779561020458553, 4.7451436020458546, 4.8123311020458548, 4.879518602045855, 4.9467061020458543, 5.0138936020458553, 5.0810811020458546, 5.1482686020458548, 5.215456102045855, 5.2826436020458543, 5.3498311020458553, 5.4170186020458546, 5.4842061020458548, 5.551393602045855, 5.6185811020458543, 5.6857686020458553, 5.7529561020458546, 5.8201436020458548, 5.887331102045855, 5.9545186020458543, 6.0217061020458553, 6.0888936020458546, 6.1560811020458548, 6.223268602045855, 6.2904561020458551, 6.3576436020458544, 6.4248311020458546, 6.4920186020458548, 6.559206102045855]
res = 
[ -2.15863935e-04  -1.94404258e-04  -1.71072361e-04  -1.46092944e-04
  -1.19706572e-04  -9.21673597e-05  -6.37405258e-05  -3.46998358e-05
  -5.32496740e-06   2.41011833e-05   5.32952265e-05   8.19760075e-05
   1.09867315e-04   1.36700540e-04   1.62217264e-04   1.86171747e-04
   2.08333294e-04   2.28488478e-04   2.46443193e-04   2.62024525e-04
   2.75082418e-04   2.85491117e-04   2.93150380e-04   2.97986445e-04
   2.99952737e-04   2.99030321e-04   2.95228079e-04   2.88582630e-04
   2.79157972e-04   2.67044870e-04   2.52359980e-04   2.35244725e-04
   2.15863935e-04   1.94404258e-04   1.71072361e-04   1.46092944e-04
   1.19706572e-04   9.21673597e-05   6.37405258e-05   3.46998358e-05
   5.32496740e-06  -2.41011833e-05  -5.32952265e-05  -8.19760075e-05
  -1.09867315e-04  -1.36700540e-04  -1.62217264e-04  -1.86171747e-04
  -2.08333294e-04  -2.28488478e-04  -2.46443193e-04  -2.62024525e-04
  -2.75082418e-04  -2.85491117e-04  -2.93150380e-04  -2.97986445e-04
  -2.99952737e-04  -2.99030321e-04  -2.95228079e-04  -2.88582630e-04
  -2.79157972e-04  -2.67044870e-04  -2.52359980e-04  -2.35244725e-04
  -2.15863935e-04  -1.94404258e-04]
Time now is 0.464
CS0 = 1.291, Time param is 0.515  z = 
[ 3.06640625  3.13359375  3.20078125  3.26796875  3.33515625  3.40234375
  3.46953125  3.53671875  3.60390625  3.67109375  3.73828125  3.80546875
  3.87265625  3.93984375  4.00703125  4.07421875  4.14140625  4.20859375
  4.27578125  4.34296875  4.41015625  4.47734375  4.54453125  4.61171875
  4.67890625  4.74609375  4.81328125  4.88046875  4.94765625  5.01484375
  5.08203125  5.14921875  5.21640625  5.28359375  5.35078125  5.41796875
  5.48515625  5.55234375  5.61953125  5.68671875  5.75390625  5.82109375
  5.88828125  5.95546875  6.02265625  6.08984375  6.15703125  6.22421875
  6.29140625  6.35859375  6.42578125  6.49296875  6.56015625  6.62734375
  6.69453125  6.76171875  6.82890625  6.89609375  6.96328125  7.03046875
  7.09765625  7.16484375  7.23203125  7.29921875  7.36640625  7.43359375]
newz = 
[ 2.0948644  2.1620519  2.2292394  2.2964269  2.3636144  2.4308019
  2.4979894  2.5651769  2.6323644  2.6995519  2.7667394  2.8339269
  2.9011144  2.9683019  3.0354894  3.1026769  3.1698644  3.2370519
  3.3042394  3.3714269  3.4386144  3.5058019  3.5729894  3.6401769
  3.7073644  3.7745519  3.8417394  3.9089269  3.9761144  4.0433019
  4.1104894  4.1776769  4.2448644  4.3120519  4.3792394  4.4464269
  4.5136144  4.5808019  4.6479894  4.7151769  4.7823644  4.8495519
  4.9167394  4.9839269  5.0511144  5.1183019  5.1854894  5.2526769
  5.3198644  5.3870519  5.4542394  5.5214269  5.5886144  5.6558019
  5.7229894  5.7901769  5.8573644  5.9245519  5.9917394  6.0589269
  6.1261144  6.1933019  6.2604894  6.3276769  6.3948644  6.4620519]
perz = 
[6.394864402006986, 6.4620519020069853, 6.5292394020069855, 6.5964269020069857, 6.663614402006985, 6.730801902006986, 6.7979894020069853, 6.8651769020069855, 6.9323644020069857, 6.999551902006985, 7.066739402006986, 7.1339269020069853, 7.2011144020069855, 7.2683019020069857, 7.335489402006985, 3.1026769020069849, 3.169864402006985, 3.2370519020069852, 3.3042394020069845, 3.3714269020069847, 3.4386144020069849, 3.505801902006985, 3.5729894020069852, 3.6401769020069845, 3.7073644020069847, 3.7745519020069849, 3.841739402006985, 3.9089269020069852, 3.9761144020069845, 4.0433019020069842, 4.1104894020069844, 4.1776769020069837, 4.2448644020069848, 4.3120519020069841, 4.3792394020069842, 4.4464269020069844, 4.5136144020069837, 4.5808019020069848, 4.6479894020069841, 4.7151769020069842, 4.7823644020069844, 4.8495519020069837, 4.9167394020069848, 4.9839269020069841, 5.0511144020069842, 5.1183019020069844, 5.1854894020069837, 5.2526769020069848, 5.3198644020069841, 5.3870519020069842, 5.4542394020069844, 5.5214269020069837, 5.5886144020069848, 5.6558019020069841, 5.7229894020069842, 5.7901769020069844, 5.8573644020069837, 5.9245519020069848, 5.9917394020069841, 6.0589269020069842, 6.1261144020069844, 6.1933019020069846, 6.2604894020069839, 6.3276769020069841, 6.3948644020069842, 6.4620519020069844]
res = 
[ -2.43168632e-04  -2.24776508e-04  -2.04219664e-04  -1.81696072e-04
  -1.57422648e-04  -1.31633158e-04  -1.04575969e-04  -7.65116553e-05
  -4.77104930e-05  -1.84498526e-05   1.09884700e-05   4.03209676e-05
   6.92651523e-05   9.75422756e-05   1.24880014e-04   1.51015089e-04
   1.75695806e-04   1.98684477e-04   2.19759707e-04   2.38718532e-04
   2.55378366e-04   2.69578767e-04   2.81182977e-04   2.90079242e-04
   2.96181885e-04   2.99432134e-04   2.99798688e-04   2.97278017e-04
   2.91894396e-04   2.83699673e-04   2.72772767e-04   2.59218909e-04
   2.43168632e-04   2.24776508e-04   2.04219664e-04   1.81696072e-04
   1.57422648e-04   1.31633158e-04   1.04575969e-04   7.65116553e-05
   4.77104930e-05   1.84498526e-05  -1.09884700e-05  -4.03209676e-05
  -6.92651523e-05  -9.75422756e-05  -1.24880014e-04  -1.51015089e-04
  -1.75695806e-04  -1.98684477e-04  -2.19759707e-04  -2.38718532e-04
  -2.55378366e-04  -2.69578767e-04  -2.81182977e-04  -2.90079242e-04
  -2.96181885e-04  -2.99432134e-04  -2.99798688e-04  -2.97278017e-04
  -2.91894396e-04  -2.83699673e-04  -2.72772767e-04  -2.59218909e-04
  -2.43168632e-04  -2.24776508e-04]
Time now is 0.515
CS0 = 1.291, Time param is 0.567  z = 
[ 3.06640625  3.13359375  3.20078125  3.26796875  3.33515625  3.40234375
  3.46953125  3.53671875  3.60390625  3.67109375  3.73828125  3.80546875
  3.87265625  3.93984375  4.00703125  4.07421875  4.14140625  4.20859375
  4.27578125  4.34296875  4.41015625  4.47734375  4.54453125  4.61171875
  4.67890625  4.74609375  4.81328125  4.88046875  4.94765625  5.01484375
  5.08203125  5.14921875  5.21640625  5.28359375  5.35078125  5.41796875
  5.48515625  5.55234375  5.61953125  5.68671875  5.75390625  5.82109375
  5.88828125  5.95546875  6.02265625  6.08984375  6.15703125  6.22421875
  6.29140625  6.35859375  6.42578125  6.49296875  6.56015625  6.62734375
  6.69453125  6.76171875  6.82890625  6.89609375  6.96328125  7.03046875
  7.09765625  7.16484375  7.23203125  7.29921875  7.36640625  7.43359375]
newz = 
[ 1.9977102  2.0648977  2.1320852  2.1992727  2.2664602  2.3336477
  2.4008352  2.4680227  2.5352102  2.6023977  2.6695852  2.7367727
  2.8039602  2.8711477  2.9383352  3.0055227  3.0727102  3.1398977
  3.2070852  3.2742727  3.3414602  3.4086477  3.4758352  3.5430227
  3.6102102  3.6773977  3.7445852  3.8117727  3.8789602  3.9461477
  4.0133352  4.0805227  4.1477102  4.2148977  4.2820852  4.3492727
  4.4164602  4.4836477  4.5508352  4.6180227  4.6852102  4.7523977
  4.8195852  4.8867727  4.9539602  5.0211477  5.0883352  5.1555227
  5.2227102  5.2898977  5.3570852  5.4242727  5.4914602  5.5586477
  5.6258352  5.6930227  5.7602102  5.8273977  5.8945852  5.9617727
  6.0289602  6.0961477  6.1633352  6.2305227  6.2977102  6.3648977]
perz = 
[6.2977101988296527, 6.3648976988296528, 6.4320851988296521, 6.4992726988296523, 6.5664601988296525, 6.6336476988296527, 6.7008351988296528, 6.7680226988296521, 6.8352101988296523, 6.9023976988296525, 6.9695851988296527, 7.0367726988296528, 7.1039601988296521, 7.1711476988296523, 7.2383351988296525, 7.3055226988296527, 7.3727101988296528, 3.1398976988296523, 3.2070851988296516, 3.2742726988296518, 3.341460198829652, 3.4086476988296521, 3.4758351988296523, 3.5430226988296516, 3.6102101988296518, 3.677397698829652, 3.7445851988296521, 3.8117726988296523, 3.8789601988296516, 3.9461476988296518, 4.013335198829652, 4.0805226988296512, 4.1477101988296523, 4.2148976988296516, 4.2820851988296518, 4.349272698829652, 4.4164601988296512, 4.4836476988296523, 4.5508351988296516, 4.6180226988296518, 4.685210198829652, 4.7523976988296512, 4.8195851988296523, 4.8867726988296516, 4.9539601988296518, 5.021147698829652, 5.0883351988296512, 5.1555226988296523, 5.2227101988296516, 5.2898976988296518, 5.357085198829652, 5.4242726988296512, 5.4914601988296523, 5.5586476988296516, 5.6258351988296518, 5.693022698829652, 5.7602101988296512, 5.8273976988296523, 5.8945851988296516, 5.9617726988296518, 6.028960198829652, 6.0961476988296521, 6.1633351988296514, 6.2305226988296516, 6.2977101988296518, 6.364897698829652]
res = 
[ -2.65580907e-04  -2.50626376e-04  -2.33258177e-04  -2.13643574e-04
  -1.91971466e-04  -1.68450568e-04  -1.43307400e-04  -1.16784102e-04
  -8.91361103e-05  -6.06296887e-05  -3.15393701e-05  -2.14531010e-06
   2.72694104e-05   5.64215116e-05   8.50302427e-05   1.12820086e-04
   1.39523411e-04   1.64883048e-04   1.88654772e-04   2.10609647e-04
   2.30536236e-04   2.48242635e-04   2.63558322e-04   2.76335798e-04
   2.86452010e-04   2.93809532e-04   2.98337507e-04   2.99992329e-04
   2.98758061e-04   2.94646590e-04   2.87697511e-04   2.77977748e-04
   2.65580907e-04   2.50626376e-04   2.33258177e-04   2.13643574e-04
   1.91971466e-04   1.68450568e-04   1.43307400e-04   1.16784102e-04
   8.91361103e-05   6.06296887e-05   3.15393701e-05   2.14531010e-06
  -2.72694104e-05  -5.64215116e-05  -8.50302427e-05  -1.12820086e-04
  -1.39523411e-04  -1.64883048e-04  -1.88654772e-04  -2.10609647e-04
  -2.30536236e-04  -2.48242635e-04  -2.63558322e-04  -2.76335798e-04
  -2.86452010e-04  -2.93809532e-04  -2.98337507e-04  -2.99992329e-04
  -2.98758061e-04  -2.94646590e-04  -2.87697511e-04  -2.77977748e-04
  -2.65580907e-04  -2.50626376e-04]
Time now is 0.567
CS0 = 1.291, Time param is 0.618  z = 
[ 3.06640625  3.13359375  3.20078125  3.26796875  3.33515625  3.40234375
  3.46953125  3.53671875  3.60390625  3.67109375  3.73828125  3.80546875
  3.87265625  3.93984375  4.00703125  4.07421875  4.14140625  4.20859375
  4.27578125  4.34296875  4.41015625  4.47734375  4.54453125  4.61171875
  4.67890625  4.74609375  4.81328125  4.88046875  4.94765625  5.01484375
  5.08203125  5.14921875  5.21640625  5.28359375  5.35078125  5.41796875
  5.48515625  5.55234375  5.61953125  5.68671875  5.75390625  5.82109375
  5.88828125  5.95546875  6.02265625  6.08984375  6.15703125  6.22421875
  6.29140625  6.35859375  6.42578125  6.49296875  6.56015625  6.62734375
  6.69453125  6.76171875  6.82890625  6.89609375  6.96328125  7.03046875
  7.09765625  7.16484375  7.23203125  7.29921875  7.36640625  7.43359375]
newz = 
[ 1.90055599  1.96774349  2.03493099  2.10211849  2.16930599  2.23649349
  2.30368099  2.37086849  2.43805599  2.50524349  2.57243099  2.63961849
  2.70680599  2.77399349  2.84118099  2.90836849  2.97555599  3.04274349
  3.10993099  3.17711849  3.24430599  3.31149349  3.37868099  3.44586849
  3.51305599  3.58024349  3.64743099  3.71461849  3.78180599  3.84899349
  3.91618099  3.98336849  4.05055599  4.11774349  4.18493099  4.25211849
  4.31930599  4.38649349  4.45368099  4.52086849  4.58805599  4.65524349
  4.72243099  4.78961849  4.85680599  4.92399349  4.99118099  5.05836849
  5.12555599  5.19274349  5.25993099  5.32711849  5.39430599  5.46149349
  5.52868099  5.59586849  5.66305599  5.73024349  5.79743099  5.86461849
  5.93180599  5.99899349  6.06618099  6.13336849  6.20055599  6.26774349]
perz = 
[6.2005559925731166, 6.2677434925731168, 6.334930992573117, 6.4021184925731163, 6.4693059925731164, 6.5364934925731166, 6.6036809925731168, 6.670868492573117, 6.7380559925731163, 6.8052434925731164, 6.8724309925731166, 6.9396184925731168, 7.006805992573117, 7.0739934925731163, 7.1411809925731164, 7.2083684925731166, 7.2755559925731168, 7.342743492573117, 3.1099309925731156, 3.1771184925731157, 3.2443059925731159, 3.3114934925731161, 3.3786809925731163, 3.4458684925731156, 3.5130559925731157, 3.5802434925731159, 3.6474309925731161, 3.7146184925731163, 3.7818059925731156, 3.8489934925731157, 3.9161809925731159, 3.9833684925731152, 4.0505559925731163, 4.1177434925731156, 4.1849309925731157, 4.2521184925731159, 4.3193059925731152, 4.3864934925731163, 4.4536809925731156, 4.5208684925731157, 4.5880559925731159, 4.6552434925731152, 4.7224309925731163, 4.7896184925731156, 4.8568059925731157, 4.9239934925731159, 4.9911809925731152, 5.0583684925731163, 5.1255559925731156, 5.1927434925731157, 5.2599309925731159, 5.3271184925731152, 5.3943059925731163, 5.4614934925731156, 5.5286809925731157, 5.5958684925731159, 5.6630559925731152, 5.7302434925731163, 5.7974309925731156, 5.8646184925731157, 5.9318059925731159, 5.9989934925731161, 6.0661809925731154, 6.1333684925731156, 6.2005559925731157, 6.2677434925731159]
res = 
[ -2.82649834e-04  -2.71433775e-04  -2.57603660e-04  -2.41292681e-04
  -2.22657921e-04  -2.01878844e-04  -1.79155563e-04  -1.54706916e-04
  -1.28768357e-04  -1.01589689e-04  -7.34326561e-05  -4.45684266e-05
  -1.52749789e-05   1.41655753e-05   4.34697072e-05   7.23552021e-05
   1.00543877e-04   1.27764259e-04   1.53754202e-04   1.78263407e-04
   2.01055839e-04   2.21911993e-04   2.40631013e-04   2.57032624e-04
   2.70958872e-04   2.82275637e-04   2.90873933e-04   2.96670955e-04
   2.99610873e-04   2.99665374e-04   2.96833934e-04   2.91143821e-04
   2.82649834e-04   2.71433775e-04   2.57603660e-04   2.41292681e-04
   2.22657921e-04   2.01878844e-04   1.79155563e-04   1.54706916e-04
   1.28768357e-04   1.01589689e-04   7.34326561e-05   4.45684266e-05
   1.52749789e-05  -1.41655753e-05  -4.34697072e-05  -7.23552021e-05
  -1.00543877e-04  -1.27764259e-04  -1.53754202e-04  -1.78263407e-04
  -2.01055839e-04  -2.21911993e-04  -2.40631013e-04  -2.57032624e-04
  -2.70958872e-04  -2.82275637e-04  -2.90873933e-04  -2.96670955e-04
  -2.99610873e-04  -2.99665374e-04  -2.96833934e-04  -2.91143821e-04
  -2.82649834e-04  -2.71433775e-04]
Time now is 0.618
CS0 = 1.291, Time param is 0.670  z = 
[ 3.06640625  3.13359375  3.20078125  3.26796875  3.33515625  3.40234375
  3.46953125  3.53671875  3.60390625  3.67109375  3.73828125  3.80546875
  3.87265625  3.93984375  4.00703125  4.07421875  4.14140625  4.20859375
  4.27578125  4.34296875  4.41015625  4.47734375  4.54453125  4.61171875
  4.67890625  4.74609375  4.81328125  4.88046875  4.94765625  5.01484375
  5.08203125  5.14921875  5.21640625  5.28359375  5.35078125  5.41796875
  5.48515625  5.55234375  5.61953125  5.68671875  5.75390625  5.82109375
  5.88828125  5.95546875  6.02265625  6.08984375  6.15703125  6.22421875
  6.29140625  6.35859375  6.42578125  6.49296875  6.56015625  6.62734375
  6.69453125  6.76171875  6.82890625  6.89609375  6.96328125  7.03046875
  7.09765625  7.16484375  7.23203125  7.29921875  7.36640625  7.43359375]
newz = 
[ 1.80340178  1.87058928  1.93777678  2.00496428  2.07215178  2.13933928
  2.20652678  2.27371428  2.34090178  2.40808928  2.47527678  2.54246428
  2.60965178  2.67683928  2.74402678  2.81121428  2.87840178  2.94558928
  3.01277678  3.07996428  3.14715178  3.21433928  3.28152678  3.34871428
  3.41590178  3.48308928  3.55027678  3.61746428  3.68465178  3.75183928
  3.81902678  3.88621428  3.95340178  4.02058928  4.08777678  4.15496428
  4.22215178  4.28933928  4.35652678  4.42371428  4.49090178  4.55808928
  4.62527678  4.69246428  4.75965178  4.82683928  4.89402678  4.96121428
  5.02840178  5.09558928  5.16277678  5.22996428  5.29715178  5.36433928
  5.43152678  5.49871428  5.56590178  5.63308928  5.70027678  5.76746428
  5.83465178  5.90183928  5.96902678  6.03621428  6.10340178  6.17058928]
perz = 
[6.1034017832479321, 6.1705892832479323, 6.2377767832479325, 6.3049642832479318, 6.372151783247932, 6.4393392832479321, 6.5065267832479323, 6.5737142832479325, 6.6409017832479318, 6.708089283247932, 6.7752767832479321, 6.8424642832479323, 6.9096517832479325, 6.9768392832479318, 7.044026783247932, 7.1112142832479321, 7.1784017832479323, 7.2455892832479325, 7.3127767832479318, 7.379964283247932, 3.1471517832479314, 3.2143392832479316, 3.2815267832479318, 3.3487142832479311, 3.4159017832479313, 3.4830892832479314, 3.5502767832479316, 3.6174642832479318, 3.6846517832479311, 3.7518392832479313, 3.8190267832479314, 3.8862142832479307, 3.9534017832479318, 4.0205892832479311, 4.0877767832479313, 4.1549642832479314, 4.2221517832479307, 4.2893392832479318, 4.3565267832479311, 4.4237142832479313, 4.4909017832479314, 4.5580892832479307, 4.6252767832479318, 4.6924642832479311, 4.7596517832479313, 4.8268392832479314, 4.8940267832479307, 4.9612142832479318, 5.0284017832479311, 5.0955892832479313, 5.1627767832479314, 5.2299642832479307, 5.2971517832479318, 5.3643392832479311, 5.4315267832479313, 5.4987142832479314, 5.5659017832479307, 5.6330892832479318, 5.7002767832479311, 5.7674642832479313, 5.8346517832479314, 5.9018392832479316, 5.9690267832479309, 6.0362142832479311, 6.1034017832479313, 6.1705892832479314]
res = 
[ -2.94031997e-04  -2.86780070e-04  -2.76766294e-04  -2.64087107e-04
  -2.48864617e-04  -2.31245425e-04  -2.11399212e-04  -1.89517110e-04
  -1.65809855e-04  -1.40505760e-04  -1.13848517e-04  -8.60948513e-05
  -5.75120450e-05  -2.83753662e-05   1.03458282e-06   3.04345683e-05
   5.95414522e-05   8.80749194e-05   1.15760177e-04   1.42330601e-04
   1.67530303e-04   1.91116597e-04   2.12862333e-04   2.32558089e-04
   2.50014184e-04   2.65062505e-04   2.77558129e-04   2.87380717e-04
   2.94435672e-04   2.98655050e-04   2.99998216e-04   2.98452236e-04
   2.94031997e-04   2.86780070e-04   2.76766294e-04   2.64087107e-04
   2.48864617e-04   2.31245425e-04   2.11399212e-04   1.89517110e-04
   1.65809855e-04   1.40505760e-04   1.13848517e-04   8.60948513e-05
   5.75120450e-05   2.83753662e-05  -1.03458282e-06  -3.04345683e-05
  -5.95414522e-05  -8.80749194e-05  -1.15760177e-04  -1.42330601e-04
  -1.67530303e-04  -1.91116597e-04  -2.12862333e-04  -2.32558089e-04
  -2.50014184e-04  -2.65062505e-04  -2.77558129e-04  -2.87380717e-04
  -2.94435672e-04  -2.98655050e-04  -2.99998216e-04  -2.98452236e-04
  -2.94031997e-04  -2.86780070e-04]
Time now is 0.670
CS0 = 1.291, Time param is 0.721  z = 
[ 3.06640625  3.13359375  3.20078125  3.26796875  3.33515625  3.40234375
  3.46953125  3.53671875  3.60390625  3.67109375  3.73828125  3.80546875
  3.87265625  3.93984375  4.00703125  4.07421875  4.14140625  4.20859375
  4.27578125  4.34296875  4.41015625  4.47734375  4.54453125  4.61171875
  4.67890625  4.74609375  4.81328125  4.88046875  4.94765625  5.01484375
  5.08203125  5.14921875  5.21640625  5.28359375  5.35078125  5.41796875
  5.48515625  5.55234375  5.61953125  5.68671875  5.75390625  5.82109375
  5.88828125  5.95546875  6.02265625  6.08984375  6.15703125  6.22421875
  6.29140625  6.35859375  6.42578125  6.49296875  6.56015625  6.62734375
  6.69453125  6.76171875  6.82890625  6.89609375  6.96328125  7.03046875
  7.09765625  7.16484375  7.23203125  7.29921875  7.36640625  7.43359375]
newz = 
[ 1.70624757  1.77343507  1.84062257  1.90781007  1.97499757  2.04218507
  2.10937257  2.17656007  2.24374757  2.31093507  2.37812257  2.44531007
  2.51249757  2.57968507  2.64687257  2.71406007  2.78124757  2.84843507
  2.91562257  2.98281007  3.04999757  3.11718507  3.18437257  3.25156007
  3.31874757  3.38593507  3.45312257  3.52031007  3.58749757  3.65468507
  3.72187257  3.78906007  3.85624757  3.92343507  3.99062257  4.05781007
  4.12499757  4.19218507  4.25937257  4.32656007  4.39374757  4.46093507
  4.52812257  4.59531007  4.66249757  4.72968507  4.79687257  4.86406007
  4.93124757  4.99843507  5.06562257  5.13281007  5.19999757  5.26718507
  5.33437257  5.40156007  5.46874757  5.53593507  5.60312257  5.67031007
  5.73749757  5.80468507  5.87187257  5.93906007  6.00624757  6.07343507]
perz = 
[6.0062475708072176, 6.0734350708072178, 6.1406225708072171, 6.2078100708072181, 6.2749975708072174, 6.3421850708072176, 6.4093725708072178, 6.4765600708072171, 6.5437475708072181, 6.6109350708072174, 6.6781225708072176, 6.7453100708072178, 6.8124975708072171, 6.8796850708072181, 6.9468725708072174, 7.0140600708072176, 7.0812475708072178, 7.148435070807218, 7.2156225708072173, 7.2828100708072174, 7.3499975708072176, 3.1171850708072171, 3.1843725708072173, 3.2515600708072165, 3.3187475708072167, 3.3859350708072169, 3.4531225708072171, 3.5203100708072173, 3.5874975708072165, 3.6546850708072167, 3.7218725708072169, 3.7890600708072162, 3.8562475708072173, 3.9234350708072165, 3.9906225708072167, 4.0578100708072169, 4.1249975708072162, 4.1921850708072173, 4.2593725708072165, 4.3265600708072167, 4.3937475708072169, 4.4609350708072162, 4.5281225708072173, 4.5953100708072165, 4.6624975708072167, 4.7296850708072169, 4.7968725708072162, 4.8640600708072173, 4.9312475708072165, 4.9984350708072167, 5.0656225708072169, 5.1328100708072162, 5.1999975708072173, 5.2671850708072165, 5.3343725708072167, 5.4015600708072169, 5.4687475708072162, 5.5359350708072173, 5.6031225708072165, 5.6703100708072167, 5.7374975708072169, 5.8046850708072171, 5.8718725708072164, 5.9390600708072165, 6.0062475708072167, 6.0734350708072169]
res = 
[ -2.99498392e-04  -2.96356502e-04  -2.90360537e-04  -2.81568241e-04
  -2.70064289e-04  -2.55959470e-04  -2.39389622e-04  -2.20514321e-04
  -1.99515346e-04  -1.76594930e-04  -1.51973807e-04  -1.25889094e-04
  -9.85920004e-05  -7.03454117e-05  -4.14213582e-05  -1.20983943e-05
   1.73410836e-05   4.66135575e-05   7.54371173e-05   1.03534176e-04
   1.30634145e-04   1.56476035e-04   1.80810976e-04   2.03404607e-04
   2.24039342e-04   2.42516455e-04   2.58658002e-04   2.72308531e-04
   2.83336580e-04   2.91635943e-04   2.97126692e-04   2.99755949e-04
   2.99498392e-04   2.96356502e-04   2.90360537e-04   2.81568241e-04
   2.70064289e-04   2.55959470e-04   2.39389622e-04   2.20514321e-04
   1.99515346e-04   1.76594930e-04   1.51973807e-04   1.25889094e-04
   9.85920004e-05   7.03454117e-05   4.14213582e-05   1.20983943e-05
  -1.73410836e-05  -4.66135575e-05  -7.54371173e-05  -1.03534176e-04
  -1.30634145e-04  -1.56476035e-04  -1.80810976e-04  -2.03404607e-04
  -2.24039342e-04  -2.42516455e-04  -2.58658002e-04  -2.72308531e-04
  -2.83336580e-04  -2.91635943e-04  -2.97126692e-04  -2.99755949e-04
  -2.99498392e-04  -2.96356502e-04]
Time now is 0.721
CS0 = 1.291, Time param is 0.773  z = 
[ 3.06640625  3.13359375  3.20078125  3.26796875  3.33515625  3.40234375
  3.46953125  3.53671875  3.60390625  3.67109375  3.73828125  3.80546875
  3.87265625  3.93984375  4.00703125  4.07421875  4.14140625  4.20859375
  4.27578125  4.34296875  4.41015625  4.47734375  4.54453125  4.61171875
  4.67890625  4.74609375  4.81328125  4.88046875  4.94765625  5.01484375
  5.08203125  5.14921875  5.21640625  5.28359375  5.35078125  5.41796875
  5.48515625  5.55234375  5.61953125  5.68671875  5.75390625  5.82109375
  5.88828125  5.95546875  6.02265625  6.08984375  6.15703125  6.22421875
  6.29140625  6.35859375  6.42578125  6.49296875  6.56015625  6.62734375
  6.69453125  6.76171875  6.82890625  6.89609375  6.96328125  7.03046875
  7.09765625  7.16484375  7.23203125  7.29921875  7.36640625  7.43359375]
newz = 
[ 1.60909336  1.67628086  1.74346836  1.81065586  1.87784336  1.94503086
  2.01221836  2.07940586  2.14659336  2.21378086  2.28096836  2.34815586
  2.41534336  2.48253086  2.54971836  2.61690586  2.68409336  2.75128086
  2.81846836  2.88565586  2.95284336  3.02003086  3.08721836  3.15440586
  3.22159336  3.28878086  3.35596836  3.42315586  3.49034336  3.55753086
  3.62471836  3.69190586  3.75909336  3.82628086  3.89346836  3.96065586
  4.02784336  4.09503086  4.16221836  4.22940586  4.29659336  4.36378086
  4.43096836  4.49815586  4.56534336  4.63253086  4.69971836  4.76690586
  4.83409336  4.90128086  4.96846836  5.03565586  5.10284336  5.17003086
  5.23721836  5.30440586  5.37159336  5.43878086  5.50596836  5.57315586
  5.64034336  5.70753086  5.77471836  5.84190586  5.90909336  5.97628086]
perz = 
[5.9090933551462701, 5.9762808551462712, 6.0434683551462705, 6.1106558551462706, 6.1778433551462708, 6.2450308551462701, 6.3122183551462712, 6.3794058551462705, 6.4465933551462706, 6.5137808551462708, 6.5809683551462701, 6.6481558551462712, 6.7153433551462705, 6.7825308551462706, 6.8497183551462708, 6.9169058551462701, 6.9840933551462712, 7.0512808551462705, 7.1184683551462697, 7.1856558551462708, 7.2528433551462701, 7.3200308551462712, 7.3872183551462705, 3.1544058551462695, 3.2215933551462697, 3.2887808551462698, 3.35596835514627, 3.4231558551462702, 3.4903433551462695, 3.5575308551462697, 3.6247183551462698, 3.6919058551462691, 3.7590933551462702, 3.8262808551462695, 3.8934683551462697, 3.9606558551462698, 4.0278433551462687, 4.0950308551462697, 4.162218355146269, 4.2294058551462701, 4.2965933551462694, 4.3637808551462687, 4.4309683551462697, 4.498155855146269, 4.5653433551462701, 4.6325308551462694, 4.6997183551462687, 4.7669058551462697, 4.834093355146269, 4.9012808551462701, 4.9684683551462694, 5.0356558551462687, 5.1028433551462697, 5.170030855146269, 5.2372183551462701, 5.3044058551462694, 5.3715933551462687, 5.4387808551462697, 5.505968355146269, 5.5731558551462701, 5.6403433551462694, 5.7075308551462705, 5.7747183551462697, 5.841905855146269, 5.9090933551462701, 5.9762808551462694]
res = 
[ -2.98939037e-04  -2.99970397e-04  -2.98112879e-04  -2.93384370e-04
  -2.85830410e-04  -2.75523747e-04  -2.62563639e-04  -2.47074900e-04
  -2.29206695e-04  -2.09131104e-04  -1.87041466e-04  -1.63150516e-04
  -1.37688338e-04  -1.10900146e-04  -8.30439246e-05  -5.43879450e-05
  -2.52081798e-05   4.21435401e-06   3.35963013e-05   6.26546978e-05
   9.11096953e-05   1.18687257e-04   1.45121795e-04   1.70158731e-04
   1.93556945e-04   2.15091100e-04   2.34553811e-04   2.51757640e-04
   2.66536905e-04   2.78749274e-04   2.88277135e-04   2.95028730e-04
   2.98939037e-04   2.99970397e-04   2.98112879e-04   2.93384370e-04
   2.85830410e-04   2.75523747e-04   2.62563639e-04   2.47074900e-04
   2.29206695e-04   2.09131104e-04   1.87041466e-04   1.63150516e-04
   1.37688338e-04   1.10900146e-04   8.30439246e-05   5.43879450e-05
   2.52081798e-05  -4.21435401e-06  -3.35963013e-05  -6.26546978e-05
  -9.11096953e-05  -1.18687257e-04  -1.45121795e-04  -1.70158731e-04
  -1.93556945e-04  -2.15091100e-04  -2.34553811e-04  -2.51757640e-04
  -2.66536905e-04  -2.78749274e-04  -2.88277135e-04  -2.95028730e-04
  -2.98939037e-04  -2.99970397e-04]
Time now is 0.773
CS0 = 1.291, Time param is 0.824  z = 
[ 3.06640625  3.13359375  3.20078125  3.26796875  3.33515625  3.40234375
  3.46953125  3.53671875  3.60390625  3.67109375  3.73828125  3.80546875
  3.87265625  3.93984375  4.00703125  4.07421875  4.14140625  4.20859375
  4.27578125  4.34296875  4.41015625  4.47734375  4.54453125  4.61171875
  4.67890625  4.74609375  4.81328125  4.88046875  4.94765625  5.01484375
  5.08203125  5.14921875  5.21640625  5.28359375  5.35078125  5.41796875
  5.48515625  5.55234375  5.61953125  5.68671875  5.75390625  5.82109375
  5.88828125  5.95546875  6.02265625  6.08984375  6.15703125  6.22421875
  6.29140625  6.35859375  6.42578125  6.49296875  6.56015625  6.62734375
  6.69453125  6.76171875  6.82890625  6.89609375  6.96328125  7.03046875
  7.09765625  7.16484375  7.23203125  7.29921875  7.36640625  7.43359375]
newz = 
[ 1.51193914  1.57912664  1.64631414  1.71350164  1.78068914  1.84787664
  1.91506414  1.98225164  2.04943914  2.11662664  2.18381414  2.25100164
  2.31818914  2.38537664  2.45256414  2.51975164  2.58693914  2.65412664
  2.72131414  2.78850164  2.85568914  2.92287664  2.99006414  3.05725164
  3.12443914  3.19162664  3.25881414  3.32600164  3.39318914  3.46037664
  3.52756414  3.59475164  3.66193914  3.72912664  3.79631414  3.86350164
  3.93068914  3.99787664  4.06506414  4.13225164  4.19943914  4.26662664
  4.33381414  4.40100164  4.46818914  4.53537664  4.60256414  4.66975164
  4.73693914  4.80412664  4.87131414  4.93850164  5.00568914  5.07287664
  5.14006414  5.20725164  5.27443914  5.34162664  5.40881414  5.47600164
  5.54318914  5.61037664  5.67756414  5.74475164  5.81193914  5.87912664]
perz = 
[5.8119391361106656, 5.8791266361106658, 5.9463141361106659, 6.0135016361106661, 6.0806891361106654, 6.1478766361106656, 6.2150641361106658, 6.2822516361106659, 6.3494391361106661, 6.4166266361106654, 6.4838141361106656, 6.5510016361106658, 6.6181891361106659, 6.6853766361106661, 6.7525641361106654, 6.8197516361106656, 6.8869391361106658, 6.9541266361106659, 7.0213141361106652, 7.0885016361106654, 7.1556891361106656, 7.2228766361106658, 7.2900641361106659, 7.3572516361106652, 3.1244391361106647, 3.1916266361106649, 3.2588141361106651, 3.3260016361106652, 3.3931891361106645, 3.4603766361106647, 3.5275641361106649, 3.5947516361106642, 3.6619391361106652, 3.7291266361106645, 3.7963141361106647, 3.8635016361106649, 3.9306891361106642, 3.9978766361106652, 4.0650641361106645, 4.1322516361106647, 4.1994391361106649, 4.2666266361106642, 4.3338141361106652, 4.4010016361106645, 4.4681891361106647, 4.5353766361106649, 4.6025641361106642, 4.6697516361106652, 4.7369391361106645, 4.8041266361106647, 4.8713141361106649, 4.9385016361106642, 5.0056891361106652, 5.0728766361106645, 5.1400641361106647, 5.2072516361106649, 5.2744391361106642, 5.3416266361106652, 5.4088141361106645, 5.4760016361106647, 5.5431891361106649, 5.6103766361106651, 5.6775641361106644, 5.7447516361106645, 5.8119391361106647, 5.8791266361106649]
res = 
[ -2.92365185e-04  -2.97549046e-04  -2.99867346e-04  -2.99297761e-04
  -2.95845774e-04  -2.89544631e-04  -2.80455015e-04  -2.68664463e-04
  -2.54286526e-04  -2.37459671e-04  -2.18345949e-04  -1.97129437e-04
  -1.74014460e-04  -1.49223629e-04  -1.22995692e-04  -9.55832402e-05
  -6.72502693e-05  -3.82696415e-05  -8.92045619e-06   2.05146380e-05
   4.97521651e-05   7.85105515e-05   1.06512838e-04   1.33489349e-04
   1.59180283e-04   1.83338225e-04   2.05730519e-04   2.26141516e-04
   2.44374646e-04   2.60254315e-04   2.73627593e-04   2.84365687e-04
   2.92365185e-04   2.97549046e-04   2.99867346e-04   2.99297761e-04
   2.95845774e-04   2.89544631e-04   2.80455015e-04   2.68664463e-04
   2.54286526e-04   2.37459671e-04   2.18345949e-04   1.97129437e-04
   1.74014460e-04   1.49223629e-04   1.22995692e-04   9.55832402e-05
   6.72502693e-05   3.82696415e-05   8.92045619e-06  -2.05146380e-05
  -4.97521651e-05  -7.85105515e-05  -1.06512838e-04  -1.33489349e-04
  -1.59180283e-04  -1.83338225e-04  -2.05730519e-04  -2.26141516e-04
  -2.44374646e-04  -2.60254315e-04  -2.73627593e-04  -2.84365687e-04
  -2.92365185e-04  -2.97549046e-04]
Time now is 0.824
CS0 = 1.291, Time param is 0.876  z = 
[ 3.06640625  3.13359375  3.20078125  3.26796875  3.33515625  3.40234375
  3.46953125  3.53671875  3.60390625  3.67109375  3.73828125  3.80546875
  3.87265625  3.93984375  4.00703125  4.07421875  4.14140625  4.20859375
  4.27578125  4.34296875  4.41015625  4.47734375  4.54453125  4.61171875
  4.67890625  4.74609375  4.81328125  4.88046875  4.94765625  5.01484375
  5.08203125  5.14921875  5.21640625  5.28359375  5.35078125  5.41796875
  5.48515625  5.55234375  5.61953125  5.68671875  5.75390625  5.82109375
  5.88828125  5.95546875  6.02265625  6.08984375  6.15703125  6.22421875
  6.29140625  6.35859375  6.42578125  6.49296875  6.56015625  6.62734375
  6.69453125  6.76171875  6.82890625  6.89609375  6.96328125  7.03046875
  7.09765625  7.16484375  7.23203125  7.29921875  7.36640625  7.43359375]
newz = 
[ 1.41478491  1.48197241  1.54915991  1.61634741  1.68353491  1.75072241
  1.81790991  1.88509741  1.95228491  2.01947241  2.08665991  2.15384741
  2.22103491  2.28822241  2.35540991  2.42259741  2.48978491  2.55697241
  2.62415991  2.69134741  2.75853491  2.82572241  2.89290991  2.96009741
  3.02728491  3.09447241  3.16165991  3.22884741  3.29603491  3.36322241
  3.43040991  3.49759741  3.56478491  3.63197241  3.69915991  3.76634741
  3.83353491  3.90072241  3.96790991  4.03509741  4.10228491  4.16947241
  4.23665991  4.30384741  4.37103491  4.43822241  4.50540991  4.57259741
  4.63978491  4.70697241  4.77415991  4.84134741  4.90853491  4.97572241
  5.04290991  5.11009741  5.17728491  5.24447241  5.31165991  5.37884741
  5.44603491  5.51322241  5.58040991  5.64759741  5.71478491  5.78197241]
perz = 
[5.7147849135117079, 5.7819724135117081, 5.8491599135117074, 5.9163474135117076, 5.9835349135117077, 6.0507224135117079, 6.1179099135117081, 6.1850974135117074, 6.2522849135117076, 6.3194724135117077, 6.3866599135117079, 6.4538474135117081, 6.5210349135117074, 6.5882224135117076, 6.6554099135117077, 6.7225974135117079, 6.7897849135117081, 6.8569724135117083, 6.9241599135117076, 6.9913474135117077, 7.0585349135117079, 7.1257224135117081, 7.1929099135117083, 7.2600974135117076, 7.3272849135117077, 7.3944724135117079, 3.1616599135117074, 3.2288474135117076, 3.2960349135117069, 3.363222413511707, 3.4304099135117072, 3.4975974135117065, 3.5647849135117076, 3.6319724135117069, 3.699159913511707, 3.7663474135117072, 3.8335349135117065, 3.9007224135117076, 3.9679099135117069, 4.035097413511707, 4.1022849135117072, 4.1694724135117065, 4.2366599135117076, 4.3038474135117069, 4.371034913511707, 4.4382224135117072, 4.5054099135117065, 4.5725974135117076, 4.6397849135117069, 4.706972413511707, 4.7741599135117072, 4.8413474135117065, 4.9085349135117076, 4.9757224135117069, 5.042909913511707, 5.1100974135117072, 5.1772849135117065, 5.2444724135117076, 5.3116599135117069, 5.378847413511707, 5.4460349135117072, 5.5132224135117074, 5.5804099135117067, 5.6475974135117069, 5.714784913511707, 5.7819724135117072]
res = 
[ -2.79909098e-04  -2.89141163e-04  -2.95588640e-04  -2.99189437e-04
  -2.99908876e-04  -2.97740029e-04  -2.92703782e-04  -2.84848639e-04
  -2.74250247e-04  -2.61010675e-04  -2.45257427e-04  -2.27142217e-04
  -2.06839503e-04  -1.84544811e-04  -1.60472852e-04  -1.34855452e-04
  -1.07939320e-04  -7.99836734e-05  -5.12577403e-05  -2.20381670e-05
   7.39364578e-06   3.67542538e-05   6.57608982e-05   9.41342292e-05
   1.21600996e-04   1.47896679e-04   1.72768036e-04   1.95975542e-04
   2.17295697e-04   2.36523176e-04   2.53472807e-04   2.67981356e-04
   2.79909098e-04   2.89141163e-04   2.95588640e-04   2.99189437e-04
   2.99908876e-04   2.97740029e-04   2.92703782e-04   2.84848639e-04
   2.74250247e-04   2.61010675e-04   2.45257427e-04   2.27142217e-04
   2.06839503e-04   1.84544811e-04   1.60472852e-04   1.34855452e-04
   1.07939320e-04   7.99836734e-05   5.12577403e-05   2.20381670e-05
  -7.39364578e-06  -3.67542538e-05  -6.57608982e-05  -9.41342292e-05
  -1.21600996e-04  -1.47896679e-04  -1.72768036e-04  -1.95975542e-04
  -2.17295697e-04  -2.36523176e-04  -2.53472807e-04  -2.67981356e-04
  -2.79909098e-04  -2.89141163e-04]
Time now is 0.876
CS0 = 1.291, Time param is 0.927  z = 
[ 3.06640625  3.13359375  3.20078125  3.26796875  3.33515625  3.40234375
  3.46953125  3.53671875  3.60390625  3.67109375  3.73828125  3.80546875
  3.87265625  3.93984375  4.00703125  4.07421875  4.14140625  4.20859375
  4.27578125  4.34296875  4.41015625  4.47734375  4.54453125  4.61171875
  4.67890625  4.74609375  4.81328125  4.88046875  4.94765625  5.01484375
  5.08203125  5.14921875  5.21640625  5.28359375  5.35078125  5.41796875
  5.48515625  5.55234375  5.61953125  5.68671875  5.75390625  5.82109375
  5.88828125  5.95546875  6.02265625  6.08984375  6.15703125  6.22421875
  6.29140625  6.35859375  6.42578125  6.49296875  6.56015625  6.62734375
  6.69453125  6.76171875  6.82890625  6.89609375  6.96328125  7.03046875
  7.09765625  7.16484375  7.23203125  7.29921875  7.36640625  7.43359375]
newz = 
[ 1.31763069  1.38481819  1.45200569  1.51919319  1.58638069  1.65356819
  1.72075569  1.78794319  1.85513069  1.92231819  1.98950569  2.05669319
  2.12388069  2.19106819  2.25825569  2.32544319  2.39263069  2.45981819
  2.52700569  2.59419319  2.66138069  2.72856819  2.79575569  2.86294319
  2.93013069  2.99731819  3.06450569  3.13169319  3.19888069  3.26606819
  3.33325569  3.40044319  3.46763069  3.53481819  3.60200569  3.66919319
  3.73638069  3.80356819  3.87075569  3.93794319  4.00513069  4.07231819
  4.13950569  4.20669319  4.27388069  4.34106819  4.40825569  4.47544319
  4.54263069  4.60981819  4.67700569  4.74419319  4.81138069  4.87856819
  4.94575569  5.01294319  5.08013069  5.14731819  5.21450569  5.28169319
  5.34888069  5.41606819  5.48325569  5.55044319  5.61763069  5.68481819]
perz = 
[5.6176306871469919, 5.6848181871469921, 5.7520056871469922, 5.8191931871469915, 5.8863806871469917, 5.9535681871469919, 6.0207556871469921, 6.0879431871469922, 6.1551306871469915, 6.2223181871469917, 6.2895056871469919, 6.3566931871469921, 6.4238806871469922, 6.4910681871469915, 6.5582556871469917, 6.6254431871469919, 6.6926306871469921, 6.7598181871469922, 6.8270056871469915, 6.8941931871469917, 6.9613806871469919, 7.0285681871469921, 7.0957556871469922, 7.1629431871469915, 7.2301306871469917, 7.2973181871469919, 7.3645056871469921, 3.1316931871469915, 3.1988806871469908, 3.266068187146991, 3.3332556871469912, 3.4004431871469905, 3.4676306871469915, 3.5348181871469908, 3.602005687146991, 3.6691931871469912, 3.7363806871469905, 3.8035681871469915, 3.8707556871469908, 3.937943187146991, 4.0051306871469912, 4.0723181871469905, 4.1395056871469915, 4.2066931871469908, 4.273880687146991, 4.3410681871469912, 4.4082556871469905, 4.4754431871469915, 4.5426306871469908, 4.609818187146991, 4.6770056871469912, 4.7441931871469905, 4.8113806871469915, 4.8785681871469908, 4.945755687146991, 5.0129431871469912, 5.0801306871469905, 5.1473181871469915, 5.2145056871469908, 5.281693187146991, 5.3488806871469912, 5.4160681871469913, 5.4832556871469906, 5.5504431871469908, 5.617630687146991, 5.6848181871469912]
res = 
[ -2.61821386e-04  -2.74915910e-04  -2.85362844e-04  -2.93061578e-04
  -2.97937968e-04  -2.99945053e-04  -2.99063503e-04  -2.95301808e-04
  -2.88696196e-04  -2.79310281e-04  -2.67234455e-04  -2.52585016e-04
  -2.35503045e-04  -2.16153050e-04  -1.94721384e-04  -1.71414444e-04
  -1.46456690e-04  -1.20088477e-04  -9.25637470e-05  -6.41475773e-05
  -3.51136314e-05  -5.74152205e-06   2.36858813e-05   5.28851767e-05
   8.15751589e-05   1.09479528e-04   1.36329549e-04   1.61866642e-04
   1.85844871e-04   2.08033312e-04   2.28218279e-04   2.46205378e-04
   2.61821386e-04   2.74915910e-04   2.85362844e-04   2.93061578e-04
   2.97937968e-04   2.99945053e-04   2.99063503e-04   2.95301808e-04
   2.88696196e-04   2.79310281e-04   2.67234455e-04   2.52585016e-04
   2.35503045e-04   2.16153050e-04   1.94721384e-04   1.71414444e-04
   1.46456690e-04   1.20088477e-04   9.25637470e-05   6.41475773e-05
   3.51136314e-05   5.74152205e-06  -2.36858813e-05  -5.28851767e-05
  -8.15751589e-05  -1.09479528e-04  -1.36329549e-04  -1.61866642e-04
  -1.85844871e-04  -2.08033312e-04  -2.28218279e-04  -2.46205378e-04
  -2.61821386e-04  -2.74915910e-04]
Time now is 0.927
CS0 = 1.291, Time param is 0.979  z = 
[ 3.06640625  3.13359375  3.20078125  3.26796875  3.33515625  3.40234375
  3.46953125  3.53671875  3.60390625  3.67109375  3.73828125  3.80546875
  3.87265625  3.93984375  4.00703125  4.07421875  4.14140625  4.20859375
  4.27578125  4.34296875  4.41015625  4.47734375  4.54453125  4.61171875
  4.67890625  4.74609375  4.81328125  4.88046875  4.94765625  5.01484375
  5.08203125  5.14921875  5.21640625  5.28359375  5.35078125  5.41796875
  5.48515625  5.55234375  5.61953125  5.68671875  5.75390625  5.82109375
  5.88828125  5.95546875  6.02265625  6.08984375  6.15703125  6.22421875
  6.29140625  6.35859375  6.42578125  6.49296875  6.56015625  6.62734375
  6.69453125  6.76171875  6.82890625  6.89609375  6.96328125  7.03046875
  7.09765625  7.16484375  7.23203125  7.29921875  7.36640625  7.43359375]
newz = 
[ 1.22047646  1.28766396  1.35485146  1.42203896  1.48922646  1.55641396
  1.62360146  1.69078896  1.75797646  1.82516396  1.89235146  1.95953896
  2.02672646  2.09391396  2.16110146  2.22828896  2.29547646  2.36266396
  2.42985146  2.49703896  2.56422646  2.63141396  2.69860146  2.76578896
  2.83297646  2.90016396  2.96735146  3.03453896  3.10172646  3.16891396
  3.23610146  3.30328896  3.37047646  3.43766396  3.50485146  3.57203896
  3.63922646  3.70641396  3.77360146  3.84078896  3.90797646  3.97516396
  4.04235146  4.10953896  4.17672646  4.24391396  4.31110146  4.37828896
  4.44547646  4.51266396  4.57985146  4.64703896  4.71422646  4.78141396
  4.84860146  4.91578896  4.98297646  5.05016396  5.11735146  5.18453896
  5.25172646  5.31891396  5.38610146  5.45328896  5.52047646  5.58766396]
perz = 
[5.5204764568230669, 5.587663956823067, 5.6548514568230672, 5.7220389568230665, 5.7892264568230667, 5.8564139568230669, 5.923601456823067, 5.9907889568230672, 6.0579764568230665, 6.1251639568230667, 6.1923514568230669, 6.259538956823067, 6.3267264568230672, 6.3939139568230665, 6.4611014568230667, 6.5282889568230669, 6.595476456823067, 6.6626639568230672, 6.7298514568230665, 6.7970389568230667, 6.8642264568230669, 6.931413956823067, 6.9986014568230672, 7.0657889568230665, 7.1329764568230667, 7.2001639568230669, 7.267351456823067, 7.3345389568230672, 3.1017264568230658, 3.168913956823066, 3.2361014568230662, 3.3032889568230654, 3.3704764568230665, 3.4376639568230658, 3.504851456823066, 3.5720389568230662, 3.6392264568230654, 3.7064139568230665, 3.7736014568230658, 3.840788956823066, 3.9079764568230662, 3.9751639568230654, 4.0423514568230665, 4.1095389568230658, 4.176726456823066, 4.2439139568230662, 4.3111014568230654, 4.3782889568230665, 4.4454764568230658, 4.512663956823066, 4.5798514568230662, 4.6470389568230654, 4.7142264568230665, 4.7814139568230658, 4.848601456823066, 4.9157889568230662, 4.9829764568230654, 5.0501639568230665, 5.1173514568230658, 5.184538956823066, 5.2517264568230662, 5.3189139568230663, 5.3861014568230656, 5.4532889568230658, 5.520476456823066, 5.5876639568230662]
res = 
[ -2.38465963e-04  -2.55159492e-04  -2.69395696e-04  -2.81037472e-04
  -2.89972703e-04  -2.96115339e-04  -2.99406222e-04  -2.99813660e-04
  -2.97333728e-04  -2.91990310e-04  -2.83834866e-04  -2.72945936e-04
  -2.59428388e-04  -2.43412403e-04  -2.25052224e-04  -2.04524668e-04
  -1.82027428e-04  -1.57777165e-04  -1.32007421e-04  -1.04966373e-04
  -7.69144423e-05  -4.81217831e-05  -1.88656849e-05   1.05721003e-05
   3.99080703e-05   6.88597038e-05   9.71481807e-05   1.24501068e-04
   1.50654941e-04   1.75357925e-04   1.98372116e-04   2.19475876e-04
   2.38465963e-04   2.55159492e-04   2.69395696e-04   2.81037472e-04
   2.89972703e-04   2.96115339e-04   2.99406222e-04   2.99813660e-04
   2.97333728e-04   2.91990310e-04   2.83834866e-04   2.72945936e-04
   2.59428388e-04   2.43412403e-04   2.25052224e-04   2.04524668e-04
   1.82027428e-04   1.57777165e-04   1.32007421e-04   1.04966373e-04
   7.69144423e-05   4.81217831e-05   1.88656849e-05  -1.05721003e-05
  -3.99080703e-05  -6.88597038e-05  -9.71481807e-05  -1.24501068e-04
  -1.50654941e-04  -1.75357925e-04  -1.98372116e-04  -2.19475876e-04
  -2.38465963e-04  -2.55159492e-04]
Time now is 0.979
CS0 = 1.291, Time param is 1.030  z = 
[ 3.06640625  3.13359375  3.20078125  3.26796875  3.33515625  3.40234375
  3.46953125  3.53671875  3.60390625  3.67109375  3.73828125  3.80546875
  3.87265625  3.93984375  4.00703125  4.07421875  4.14140625  4.20859375
  4.27578125  4.34296875  4.41015625  4.47734375  4.54453125  4.61171875
  4.67890625  4.74609375  4.81328125  4.88046875  4.94765625  5.01484375
  5.08203125  5.14921875  5.21640625  5.28359375  5.35078125  5.41796875
  5.48515625  5.55234375  5.61953125  5.68671875  5.75390625  5.82109375
  5.88828125  5.95546875  6.02265625  6.08984375  6.15703125  6.22421875
  6.29140625  6.35859375  6.42578125  6.49296875  6.56015625  6.62734375
  6.69453125  6.76171875  6.82890625  6.89609375  6.96328125  7.03046875
  7.09765625  7.16484375  7.23203125  7.29921875  7.36640625  7.43359375]
newz = 
[ 1.12332222  1.19050972  1.25769722  1.32488472  1.39207222  1.45925972
  1.52644722  1.59363472  1.66082222  1.72800972  1.79519722  1.86238472
  1.92957222  1.99675972  2.06394722  2.13113472  2.19832222  2.26550972
  2.33269722  2.39988472  2.46707222  2.53425972  2.60144722  2.66863472
  2.73582222  2.80300972  2.87019722  2.93738472  3.00457222  3.07175972
  3.13894722  3.20613472  3.27332222  3.34050972  3.40769722  3.47488472
  3.54207222  3.60925972  3.67644722  3.74363472  3.81082222  3.87800972
  3.94519722  4.01238472  4.07957222  4.14675972  4.21394722  4.28113472
  4.34832222  4.41550972  4.48269722  4.54988472  4.61707222  4.68425972
  4.75144722  4.81863472  4.88582222  4.95300972  5.02019722  5.08738472
  5.15457222  5.22175972  5.28894722  5.35613472  5.42332222  5.49050972]
perz = 
[5.4233222223768607, 5.4905097223768609, 5.5576972223768601, 5.6248847223768603, 5.6920722223768605, 5.7592597223768607, 5.8264472223768609, 5.8936347223768601, 5.9608222223768603, 6.0280097223768605, 6.0951972223768607, 6.1623847223768609, 6.2295722223768601, 6.2967597223768603, 6.3639472223768605, 6.4311347223768607, 6.4983222223768609, 6.565509722376861, 6.6326972223768603, 6.6998847223768605, 6.7670722223768607, 6.8342597223768609, 6.901447222376861, 6.9686347223768603, 7.0358222223768605, 7.1030097223768607, 7.1701972223768609, 7.237384722376861, 7.3045722223768603, 7.3717597223768605, 3.13894722237686, 3.2061347223768593, 3.2733222223768603, 3.3405097223768596, 3.4076972223768598, 3.47488472237686, 3.5420722223768593, 3.6092597223768603, 3.6764472223768596, 3.7436347223768598, 3.81082222237686, 3.8780097223768593, 3.9451972223768603, 4.0123847223768596, 4.0795722223768598, 4.14675972237686, 4.2139472223768593, 4.2811347223768603, 4.3483222223768596, 4.4155097223768598, 4.48269722237686, 4.5498847223768593, 4.6170722223768603, 4.6842597223768596, 4.7514472223768598, 4.81863472237686, 4.8858222223768593, 4.9530097223768603, 5.0201972223768596, 5.0873847223768598, 5.15457222237686, 5.2217597223768601, 5.2889472223768594, 5.3561347223768596, 5.4233222223768598, 5.49050972237686]
res = 
[ -2.10312727e-04  -2.30269396e-04  -2.48008445e-04  -2.63359037e-04
  -2.76173337e-04  -2.86327937e-04  -2.93725043e-04  -2.98293416e-04
  -2.99989060e-04  -2.98795646e-04  -2.94724666e-04  -2.87815327e-04
  -2.78134169e-04  -2.65774426e-04  -2.50855131e-04  -2.33519963e-04
  -2.13935871e-04  -1.92291459e-04  -1.68795176e-04  -1.43673302e-04
  -1.17167776e-04  -8.95338607e-05  -6.10376850e-05  -3.19536831e-05
  -2.56194978e-06   2.68544566e-05   5.60122398e-05   8.46305945e-05
   1.12433910e-04   1.39154426e-04   1.64534809e-04   1.88330631e-04
   2.10312727e-04   2.30269396e-04   2.48008445e-04   2.63359037e-04
   2.76173337e-04   2.86327937e-04   2.93725043e-04   2.98293416e-04
   2.99989060e-04   2.98795646e-04   2.94724666e-04   2.87815327e-04
   2.78134169e-04   2.65774426e-04   2.50855131e-04   2.33519963e-04
   2.13935871e-04   1.92291459e-04   1.68795176e-04   1.43673302e-04
   1.17167776e-04   8.95338607e-05   6.10376850e-05   3.19536831e-05
   2.56194978e-06  -2.68544566e-05  -5.60122398e-05  -8.46305945e-05
  -1.12433910e-04  -1.39154426e-04  -1.64534809e-04  -1.88330631e-04
  -2.10312727e-04  -2.30269396e-04]
Time now is 1.030
