START
CS0 = 1.291, Time param is 0.052  z = 
[ 3.06640625  3.13359375  3.20078125  3.26796875  3.33515625  3.40234375
  3.46953125  3.53671875  3.60390625  3.67109375  3.73828125  3.80546875
  3.87265625  3.93984375  4.00703125  4.07421875  4.14140625  4.20859375
  4.27578125  4.34296875  4.41015625  4.47734375  4.54453125  4.61171875
  4.67890625  4.74609375  4.81328125  4.88046875  4.94765625  5.01484375
  5.08203125  5.14921875  5.21640625  5.28359375  5.35078125  5.41796875
  5.48515625  5.55234375  5.61953125  5.68671875  5.75390625  5.82109375
  5.88828125  5.95546875  6.02265625  6.08984375  6.15703125  6.22421875
  6.29140625  6.35859375  6.42578125  6.49296875  6.56015625  6.62734375
  6.69453125  6.76171875  6.82890625  6.89609375  6.96328125  7.03046875
  7.09765625  7.16484375  7.23203125  7.29921875  7.36640625  7.43359375]
newz = 
[ 2.99991721  3.06710471  3.13429221  3.20147971  3.26866721  3.33585471
  3.40304221  3.47022971  3.53741721  3.60460471  3.67179221  3.73897971
  3.80616721  3.87335471  3.94054221  4.00772971  4.07491721  4.14210471
  4.20929221  4.27647971  4.34366721  4.41085471  4.47804221  4.54522971
  4.61241721  4.67960471  4.74679221  4.81397971  4.88116721  4.94835471
  5.01554221  5.08272971  5.14991721  5.21710471  5.28429221  5.35147971
  5.41866721  5.48585471  5.55304221  5.62022971  5.68741721  5.75460471
  5.82179221  5.88897971  5.95616721  6.02335471  6.09054221  6.15772971
  6.22491721  6.29210471  6.35929221  6.42647971  6.49366721  6.56085471
  6.62804221  6.69522971  6.76241721  6.82960471  6.89679221  6.96397971
  7.03116721  7.09835471  7.16554221  7.23272971  7.29991721  7.36710471]
perz = 
[7.2999172147283016, 7.3671047147283026, 3.1342922147283012, 3.2014797147283014, 3.2686672147283011, 3.3358547147283013, 3.4030422147283015, 3.4702297147283012, 3.5374172147283014, 3.6046047147283011, 3.6717922147283013, 3.7389797147283015, 3.8061672147283012, 3.8733547147283014, 3.9405422147283011, 4.0077297147283018, 4.0749172147283019, 4.1421047147283021, 4.2092922147283014, 4.2764797147283016, 4.3436672147283018, 4.4108547147283019, 4.4780422147283021, 4.5452297147283014, 4.6124172147283016, 4.6796047147283018, 4.7467922147283019, 4.8139797147283021, 4.8811672147283014, 4.9483547147283016, 5.0155422147283018, 5.082729714728301, 5.1499172147283021, 5.2171047147283014, 5.2842922147283016, 5.3514797147283018, 5.418667214728301, 5.4858547147283021, 5.5530422147283014, 5.6202297147283016, 5.6874172147283018, 5.754604714728301, 5.8217922147283021, 5.8889797147283014, 5.9561672147283016, 6.0233547147283018, 6.090542214728301, 6.1577297147283021, 6.2249172147283014, 6.2921047147283016, 6.3592922147283018, 6.426479714728301, 6.4936672147283021, 6.5608547147283014, 6.6280422147283016, 6.6952297147283018, 6.762417214728301, 6.8296047147283021, 6.8967922147283014, 6.9639797147283016, 7.0311672147283018, 7.0983547147283019, 7.1655422147283012, 7.2327297147283014, 7.2999172147283016, 7.3671047147283018]
res = 
[  1.10539476e-04   1.37343443e-04   1.62824718e-04   1.86737902e-04
   2.08852697e-04   2.28956127e-04   2.46854584e-04   2.62375697e-04
   2.75369988e-04   2.85712316e-04   2.93303078e-04   2.98069171e-04
   2.99964695e-04   2.98971395e-04   2.95098837e-04   2.88384315e-04
   2.78892496e-04   2.66714789e-04   2.51968473e-04   2.34795562e-04
   2.15361442e-04   1.93853274e-04   1.70478193e-04   1.45461313e-04
   1.19043562e-04   9.14793555e-05   6.30341532e-05   3.39818976e-05
   4.60237774e-06  -2.48214656e-05  -5.40062646e-05  -8.26709537e-05
  -1.10539476e-04  -1.37343443e-04  -1.62824718e-04  -1.86737902e-04
  -2.08852697e-04  -2.28956127e-04  -2.46854584e-04  -2.62375697e-04
  -2.75369988e-04  -2.85712316e-04  -2.93303078e-04  -2.98069171e-04
  -2.99964695e-04  -2.98971395e-04  -2.95098837e-04  -2.88384315e-04
  -2.78892496e-04  -2.66714789e-04  -2.51968473e-04  -2.34795562e-04
  -2.15361442e-04  -1.93853274e-04  -1.70478193e-04  -1.45461313e-04
  -1.19043562e-04  -9.14793555e-05  -6.30341532e-05  -3.39818976e-05
  -4.60237774e-06   2.48214656e-05   5.40062646e-05   8.26709537e-05
   1.10539476e-04   1.37343443e-04]
Time now is 0.052
CS0 = 1.291, Time param is 0.103  z = 
[ 3.06640625  3.13359375  3.20078125  3.26796875  3.33515625  3.40234375
  3.46953125  3.53671875  3.60390625  3.67109375  3.73828125  3.80546875
  3.87265625  3.93984375  4.00703125  4.07421875  4.14140625  4.20859375
  4.27578125  4.34296875  4.41015625  4.47734375  4.54453125  4.61171875
  4.67890625  4.74609375  4.81328125  4.88046875  4.94765625  5.01484375
  5.08203125  5.14921875  5.21640625  5.28359375  5.35078125  5.41796875
  5.48515625  5.55234375  5.61953125  5.68671875  5.75390625  5.82109375
  5.88828125  5.95546875  6.02265625  6.08984375  6.15703125  6.22421875
  6.29140625  6.35859375  6.42578125  6.49296875  6.56015625  6.62734375
  6.69453125  6.76171875  6.82890625  6.89609375  6.96328125  7.03046875
  7.09765625  7.16484375  7.23203125  7.29921875  7.36640625  7.43359375]
newz = 
[ 2.93342818  3.00061568  3.06780318  3.13499068  3.20217818  3.26936568
  3.33655318  3.40374068  3.47092818  3.53811568  3.60530318  3.67249068
  3.73967818  3.80686568  3.87405318  3.94124068  4.00842818  4.07561568
  4.14280318  4.20999068  4.27717818  4.34436568  4.41155318  4.47874068
  4.54592818  4.61311568  4.68030318  4.74749068  4.81467818  4.88186568
  4.94905318  5.01624068  5.08342818  5.15061568  5.21780318  5.28499068
  5.35217818  5.41936568  5.48655318  5.55374068  5.62092818  5.68811568
  5.75530318  5.82249068  5.88967818  5.95686568  6.02405318  6.09124068
  6.15842818  6.22561568  6.29280318  6.35999068  6.42717818  6.49436568
  6.56155318  6.62874068  6.69592818  6.76311568  6.83030318  6.89749068
  6.96467818  7.03186568  7.09905318  7.16624068  7.23342818  7.30061568]
perz = 
[7.2334281773007127, 7.300615677300712, 7.3678031773007122, 3.1349906773007117, 3.2021781773007114, 3.2693656773007116, 3.3365531773007118, 3.4037406773007115, 3.4709281773007117, 3.5381156773007114, 3.6053031773007116, 3.6724906773007118, 3.7396781773007115, 3.8068656773007117, 3.8740531773007114, 3.9412406773007116, 4.0084281773007122, 4.0756156773007124, 4.1428031773007117, 4.2099906773007119, 4.277178177300712, 4.3443656773007122, 4.4115531773007124, 4.4787406773007117, 4.5459281773007119, 4.613115677300712, 4.6803031773007122, 4.7474906773007124, 4.8146781773007117, 4.8818656773007119, 4.949053177300712, 5.0162406773007113, 5.0834281773007124, 5.1506156773007117, 5.2178031773007119, 5.284990677300712, 5.3521781773007113, 5.4193656773007124, 5.4865531773007117, 5.5537406773007119, 5.620928177300712, 5.6881156773007113, 5.7553031773007124, 5.8224906773007117, 5.8896781773007119, 5.956865677300712, 6.0240531773007113, 6.0912406773007124, 6.1584281773007117, 6.2256156773007119, 6.292803177300712, 6.3599906773007113, 6.4271781773007124, 6.4943656773007117, 6.5615531773007119, 6.628740677300712, 6.6959281773007113, 6.7631156773007124, 6.8303031773007117, 6.8974906773007119, 6.964678177300712, 7.0318656773007122, 7.0990531773007115, 7.1662406773007117, 7.2334281773007119, 7.300615677300712]
res = 
[  8.29652350e-05   1.10824056e-04   1.37615580e-04   1.63081792e-04
   1.86977436e-04   2.09072386e-04   2.29153854e-04   2.47028445e-04
   2.62524018e-04   2.75491340e-04   2.85805531e-04   2.93367258e-04
   2.98103697e-04   2.99969236e-04   2.98945906e-04   2.95043564e-04
   2.88299792e-04   2.78779534e-04   2.66574477e-04   2.51802163e-04
   2.34604856e-04   2.15148176e-04   1.93619501e-04   1.70226165e-04
   1.45193457e-04   1.18762458e-04   9.11877106e-05   6.27347760e-05
   3.36776713e-05   4.29623214e-06  -2.51265821e-05  -5.43074135e-05
  -8.29652350e-05  -1.10824056e-04  -1.37615580e-04  -1.63081792e-04
  -1.86977436e-04  -2.09072386e-04  -2.29153854e-04  -2.47028445e-04
  -2.62524018e-04  -2.75491340e-04  -2.85805531e-04  -2.93367258e-04
  -2.98103697e-04  -2.99969236e-04  -2.98945906e-04  -2.95043564e-04
  -2.88299792e-04  -2.78779534e-04  -2.66574477e-04  -2.51802163e-04
  -2.34604856e-04  -2.15148176e-04  -1.93619501e-04  -1.70226165e-04
  -1.45193457e-04  -1.18762458e-04  -9.11877106e-05  -6.27347760e-05
  -3.36776713e-05  -4.29623214e-06   2.51265821e-05   5.43074135e-05
   8.29652350e-05   1.10824056e-04]
Time now is 0.103
CS0 = 1.291, Time param is 0.155  z = 
[ 3.06640625  3.13359375  3.20078125  3.26796875  3.33515625  3.40234375
  3.46953125  3.53671875  3.60390625  3.67109375  3.73828125  3.80546875
  3.87265625  3.93984375  4.00703125  4.07421875  4.14140625  4.20859375
  4.27578125  4.34296875  4.41015625  4.47734375  4.54453125  4.61171875
  4.67890625  4.74609375  4.81328125  4.88046875  4.94765625  5.01484375
  5.08203125  5.14921875  5.21640625  5.28359375  5.35078125  5.41796875
  5.48515625  5.55234375  5.61953125  5.68671875  5.75390625  5.82109375
  5.88828125  5.95546875  6.02265625  6.08984375  6.15703125  6.22421875
  6.29140625  6.35859375  6.42578125  6.49296875  6.56015625  6.62734375
  6.69453125  6.76171875  6.82890625  6.89609375  6.96328125  7.03046875
  7.09765625  7.16484375  7.23203125  7.29921875  7.36640625  7.43359375]
newz = 
[ 2.86693914  2.93412664  3.00131414  3.06850164  3.13568914  3.20287664
  3.27006414  3.33725164  3.40443914  3.47162664  3.53881414  3.60600164
  3.67318914  3.74037664  3.80756414  3.87475164  3.94193914  4.00912664
  4.07631414  4.14350164  4.21068914  4.27787664  4.34506414  4.41225164
  4.47943914  4.54662664  4.61381414  4.68100164  4.74818914  4.81537664
  4.88256414  4.94975164  5.01693914  5.08412664  5.15131414  5.21850164
  5.28568914  5.35287664  5.42006414  5.48725164  5.55443914  5.62162664
  5.68881414  5.75600164  5.82318914  5.89037664  5.95756414  6.02475164
  6.09193914  6.15912664  6.22631414  6.29350164  6.36068914  6.42787664
  6.49506414  6.56225164  6.62943914  6.69662664  6.76381414  6.83100164
  6.89818914  6.96537664  7.03256414  7.09975164  7.16693914  7.23412664]
perz = 
[7.1669391376161204, 7.2341266376161215, 7.3013141376161208, 7.368501637616121, 3.13568913761612, 3.2028766376161202, 3.2700641376161204, 3.3372516376161201, 3.4044391376161203, 3.47162663761612, 3.5388141376161202, 3.6060016376161204, 3.6731891376161201, 3.7403766376161203, 3.80756413761612, 3.8747516376161202, 3.9419391376161204, 4.009126637616121, 4.0763141376161203, 4.1435016376161204, 4.2106891376161206, 4.2778766376161208, 4.345064137616121, 4.4122516376161203, 4.4794391376161204, 4.5466266376161206, 4.6138141376161208, 4.681001637616121, 4.7481891376161203, 4.8153766376161204, 4.8825641376161206, 4.9497516376161199, 5.016939137616121, 5.0841266376161203, 5.1513141376161204, 5.2185016376161206, 5.2856891376161199, 5.352876637616121, 5.4200641376161203, 5.4872516376161204, 5.5544391376161206, 5.6216266376161199, 5.688814137616121, 5.7560016376161203, 5.8231891376161204, 5.8903766376161206, 5.9575641376161199, 6.024751637616121, 6.0919391376161203, 6.1591266376161204, 6.2263141376161206, 6.2935016376161199, 6.360689137616121, 6.4278766376161203, 6.4950641376161204, 6.5622516376161206, 6.6294391376161199, 6.696626637616121, 6.7638141376161203, 6.8310016376161204, 6.8981891376161206, 6.9653766376161208, 7.0325641376161201, 7.0997516376161203, 7.1669391376161204, 7.2341266376161206]
res = 
[  5.46085050e-05   8.32594288e-05   1.11108519e-04   1.37887573e-04
   1.63338695e-04   1.87216775e-04   2.09291856e-04   2.29351342e-04
   2.47202049e-04   2.62672065e-04   2.75612405e-04   2.85898448e-04
   2.93431132e-04   2.98137913e-04   2.99973464e-04   2.98920107e-04
   2.94987985e-04   2.88214968e-04   2.78666283e-04   2.66433889e-04
   2.51635591e-04   2.34413905e-04   2.14934686e-04   1.93385527e-04
   1.69973960e-04   1.44925451e-04   1.18481231e-04   9.08959717e-05
   6.24353345e-05   3.33734109e-05   3.99008306e-06  -2.54316714e-05
  -5.46085050e-05  -8.32594288e-05  -1.11108519e-04  -1.37887573e-04
  -1.63338695e-04  -1.87216775e-04  -2.09291856e-04  -2.29351342e-04
  -2.47202049e-04  -2.62672065e-04  -2.75612405e-04  -2.85898448e-04
  -2.93431132e-04  -2.98137913e-04  -2.99973464e-04  -2.98920107e-04
  -2.94987985e-04  -2.88214968e-04  -2.78666283e-04  -2.66433889e-04
  -2.51635591e-04  -2.34413905e-04  -2.14934686e-04  -1.93385527e-04
  -1.69973960e-04  -1.44925451e-04  -1.18481231e-04  -9.08959717e-05
  -6.24353345e-05  -3.33734109e-05  -3.99008306e-06   2.54316714e-05
   5.46085050e-05   8.32594288e-05]
Time now is 0.155
CS0 = 1.291, Time param is 0.206  z = 
[ 3.06640625  3.13359375  3.20078125  3.26796875  3.33515625  3.40234375
  3.46953125  3.53671875  3.60390625  3.67109375  3.73828125  3.80546875
  3.87265625  3.93984375  4.00703125  4.07421875  4.14140625  4.20859375
  4.27578125  4.34296875  4.41015625  4.47734375  4.54453125  4.61171875
  4.67890625  4.74609375  4.81328125  4.88046875  4.94765625  5.01484375
  5.08203125  5.14921875  5.21640625  5.28359375  5.35078125  5.41796875
  5.48515625  5.55234375  5.61953125  5.68671875  5.75390625  5.82109375
  5.88828125  5.95546875  6.02265625  6.08984375  6.15703125  6.22421875
  6.29140625  6.35859375  6.42578125  6.49296875  6.56015625  6.62734375
  6.69453125  6.76171875  6.82890625  6.89609375  6.96328125  7.03046875
  7.09765625  7.16484375  7.23203125  7.29921875  7.36640625  7.43359375]
newz = 
[ 2.8004501  2.8676376  2.9348251  3.0020126  3.0692001  3.1363876
  3.2035751  3.2707626  3.3379501  3.4051376  3.4723251  3.5395126
  3.6067001  3.6738876  3.7410751  3.8082626  3.8754501  3.9426376
  4.0098251  4.0770126  4.1442001  4.2113876  4.2785751  4.3457626
  4.4129501  4.4801376  4.5473251  4.6145126  4.6817001  4.7488876
  4.8160751  4.8832626  4.9504501  5.0176376  5.0848251  5.1520126
  5.2192001  5.2863876  5.3535751  5.4207626  5.4879501  5.5551376
  5.6223251  5.6895126  5.7567001  5.8238876  5.8910751  5.9582626
  6.0254501  6.0926376  6.1598251  6.2270126  6.2942001  6.3613876
  6.4285751  6.4957626  6.5629501  6.6301376  6.6973251  6.7645126
  6.8317001  6.8988876  6.9660751  7.0332626  7.1004501  7.1676376]
perz = 
[7.1004500955919827, 7.1676375955919838, 7.2348250955919831, 7.3020125955919832, 7.3692000955919834, 3.1363875955919824, 3.2035750955919826, 3.2707625955919823, 3.3379500955919825, 3.4051375955919823, 3.4723250955919824, 3.5395125955919826, 3.6067000955919823, 3.6738875955919825, 3.7410750955919823, 3.8082625955919824, 3.8754500955919826, 3.9426375955919828, 4.0098250955919825, 4.0770125955919827, 4.1442000955919829, 4.2113875955919831, 4.2785750955919832, 4.3457625955919825, 4.4129500955919827, 4.4801375955919829, 4.5473250955919831, 4.6145125955919832, 4.6817000955919825, 4.7488875955919827, 4.8160750955919829, 4.8832625955919822, 4.9504500955919832, 5.0176375955919825, 5.0848250955919827, 5.1520125955919829, 5.2192000955919822, 5.2863875955919832, 5.3535750955919825, 5.4207625955919827, 5.4879500955919829, 5.5551375955919822, 5.6223250955919832, 5.6895125955919825, 5.7567000955919827, 5.8238875955919829, 5.8910750955919822, 5.9582625955919832, 6.0254500955919825, 6.0926375955919827, 6.1598250955919829, 6.2270125955919822, 6.2942000955919832, 6.3613875955919825, 6.4285750955919827, 6.4957625955919829, 6.5629500955919822, 6.6301375955919832, 6.6973250955919825, 6.7645125955919827, 6.8317000955919829, 6.8988875955919831, 6.9660750955919823, 7.0332625955919825, 7.1004500955919827, 7.1676375955919829]
res = 
[  2.57367333e-05   5.49095386e-05   8.35535350e-05   1.11392865e-04
   1.38159421e-04   1.63595426e-04   1.87455918e-04   2.09511107e-04
   2.29548590e-04   2.47375394e-04   2.62819837e-04   2.75733183e-04
   2.85991066e-04   2.93494700e-04   2.98171819e-04   2.99977380e-04
   2.98893996e-04   2.94932098e-04   2.88129844e-04   2.78552741e-04
   2.66293023e-04   2.51468758e-04   2.34222712e-04   2.14720972e-04
   1.93151352e-04   1.69721580e-04   1.44657295e-04   1.18199882e-04
   9.06041390e-05   6.21358289e-05   3.30691167e-05   3.68393084e-06
  -2.57367333e-05  -5.49095386e-05  -8.35535350e-05  -1.11392865e-04
  -1.38159421e-04  -1.63595426e-04  -1.87455918e-04  -2.09511107e-04
  -2.29548590e-04  -2.47375394e-04  -2.62819837e-04  -2.75733183e-04
  -2.85991066e-04  -2.93494700e-04  -2.98171819e-04  -2.99977380e-04
  -2.98893996e-04  -2.94932098e-04  -2.88129844e-04  -2.78552741e-04
  -2.66293023e-04  -2.51468758e-04  -2.34222712e-04  -2.14720972e-04
  -1.93151352e-04  -1.69721580e-04  -1.44657295e-04  -1.18199882e-04
  -9.06041390e-05  -6.21358289e-05  -3.30691167e-05  -3.68393084e-06
   2.57367333e-05   5.49095386e-05]
Time now is 0.206
CS0 = 1.291, Time param is 0.258  z = 
[ 3.06640625  3.13359375  3.20078125  3.26796875  3.33515625  3.40234375
  3.46953125  3.53671875  3.60390625  3.67109375  3.73828125  3.80546875
  3.87265625  3.93984375  4.00703125  4.07421875  4.14140625  4.20859375
  4.27578125  4.34296875  4.41015625  4.47734375  4.54453125  4.61171875
  4.67890625  4.74609375  4.81328125  4.88046875  4.94765625  5.01484375
  5.08203125  5.14921875  5.21640625  5.28359375  5.35078125  5.41796875
  5.48515625  5.55234375  5.61953125  5.68671875  5.75390625  5.82109375
  5.88828125  5.95546875  6.02265625  6.08984375  6.15703125  6.22421875
  6.29140625  6.35859375  6.42578125  6.49296875  6.56015625  6.62734375
  6.69453125  6.76171875  6.82890625  6.89609375  6.96328125  7.03046875
  7.09765625  7.16484375  7.23203125  7.29921875  7.36640625  7.43359375]
newz = 
[ 2.73396105  2.80114855  2.86833605  2.93552355  3.00271105  3.06989855
  3.13708605  3.20427355  3.27146105  3.33864855  3.40583605  3.47302355
  3.54021105  3.60739855  3.67458605  3.74177355  3.80896105  3.87614855
  3.94333605  4.01052355  4.07771105  4.14489855  4.21208605  4.27927355
  4.34646105  4.41364855  4.48083605  4.54802355  4.61521105  4.68239855
  4.74958605  4.81677355  4.88396105  4.95114855  5.01833605  5.08552355
  5.15271105  5.21989855  5.28708605  5.35427355  5.42146105  5.48864855
  5.55583605  5.62302355  5.69021105  5.75739855  5.82458605  5.89177355
  5.95896105  6.02614855  6.09333605  6.16052355  6.22771105  6.29489855
  6.36208605  6.42927355  6.49646105  6.56364855  6.63083605  6.69802355
  6.76521105  6.83239855  6.89958605  6.96677355  7.03396105  7.10114855]
perz = 
[7.0339610511747948, 7.1011485511747949, 7.1683360511747942, 7.2355235511747944, 7.3027110511747946, 7.3698985511747948, 3.1370860511747942, 3.2042735511747935, 3.2714610511747937, 3.3386485511747939, 3.405836051174794, 3.4730235511747942, 3.5402110511747935, 3.6073985511747937, 3.6745860511747939, 3.741773551174794, 3.8089610511747942, 3.8761485511747944, 3.9433360511747937, 4.0105235511747939, 4.077711051174794, 4.1448985511747942, 4.2120860511747944, 4.2792735511747937, 4.3464610511747939, 4.413648551174794, 4.4808360511747942, 4.5480235511747944, 4.6152110511747937, 4.6823985511747939, 4.749586051174794, 4.8167735511747933, 4.8839610511747944, 4.9511485511747937, 5.0183360511747939, 5.085523551174794, 5.1527110511747933, 5.2198985511747944, 5.2870860511747937, 5.3542735511747939, 5.421461051174794, 5.4886485511747933, 5.5558360511747944, 5.6230235511747937, 5.6902110511747939, 5.757398551174794, 5.8245860511747933, 5.8917735511747944, 5.9589610511747937, 6.0261485511747939, 6.093336051174794, 6.1605235511747933, 6.2277110511747944, 6.2948985511747937, 6.3620860511747939, 6.429273551174794, 6.4964610511747933, 6.5636485511747944, 6.6308360511747937, 6.6980235511747939, 6.765211051174794, 6.8323985511747942, 6.8995860511747935, 6.9667735511747937, 7.0339610511747939, 7.101148551174794]
res = 
[ -3.37777584e-06   2.60417673e-05   5.52105139e-05   8.38475531e-05
   1.11677095e-04   1.38431125e-04   1.63851987e-04   1.87694865e-04
   2.09730140e-04   2.29745598e-04   2.47548481e-04   2.62967336e-04
   2.75853672e-04   2.86083387e-04   2.93557962e-04   2.98205413e-04
   2.99980984e-04   2.98867573e-04   2.94875905e-04   2.88044420e-04
   2.78438910e-04   2.66151881e-04   2.51301664e-04   2.34031275e-04
   2.14507036e-04   1.92916978e-04   1.69469023e-04   1.44388989e-04
   1.17918410e-04   9.03122130e-05   6.18362595e-05   3.27647891e-05
   3.37777584e-06  -2.60417673e-05  -5.52105139e-05  -8.38475531e-05
  -1.11677095e-04  -1.38431125e-04  -1.63851987e-04  -1.87694865e-04
  -2.09730140e-04  -2.29745598e-04  -2.47548481e-04  -2.62967336e-04
  -2.75853672e-04  -2.86083387e-04  -2.93557962e-04  -2.98205413e-04
  -2.99980984e-04  -2.98867573e-04  -2.94875905e-04  -2.88044420e-04
  -2.78438910e-04  -2.66151881e-04  -2.51301664e-04  -2.34031275e-04
  -2.14507036e-04  -1.92916978e-04  -1.69469023e-04  -1.44388989e-04
  -1.17918410e-04  -9.03122130e-05  -6.18362595e-05  -3.27647891e-05
  -3.37777584e-06   2.60417673e-05]
Time now is 0.258
CS0 = 1.291, Time param is 0.309  z = 
[ 3.06640625  3.13359375  3.20078125  3.26796875  3.33515625  3.40234375
  3.46953125  3.53671875  3.60390625  3.67109375  3.73828125  3.80546875
  3.87265625  3.93984375  4.00703125  4.07421875  4.14140625  4.20859375
  4.27578125  4.34296875  4.41015625  4.47734375  4.54453125  4.61171875
  4.67890625  4.74609375  4.81328125  4.88046875  4.94765625  5.01484375
  5.08203125  5.14921875  5.21640625  5.28359375  5.35078125  5.41796875
  5.48515625  5.55234375  5.61953125  5.68671875  5.75390625  5.82109375
  5.88828125  5.95546875  6.02265625  6.08984375  6.15703125  6.22421875
  6.29140625  6.35859375  6.42578125  6.49296875  6.56015625  6.62734375
  6.69453125  6.76171875  6.82890625  6.89609375  6.96328125  7.03046875
  7.09765625  7.16484375  7.23203125  7.29921875  7.36640625  7.43359375]
newz = 
[ 2.667472   2.7346595  2.801847   2.8690345  2.936222   3.0034095
  3.070597   3.1377845  3.204972   3.2721595  3.339347   3.4065345
  3.473722   3.5409095  3.608097   3.6752845  3.742472   3.8096595
  3.876847   3.9440345  4.011222   4.0784095  4.145597   4.2127845
  4.279972   4.3471595  4.414347   4.4815345  4.548722   4.6159095
  4.683097   4.7502845  4.817472   4.8846595  4.951847   5.0190345
  5.086222   5.1534095  5.220597   5.2877845  5.354972   5.4221595
  5.489347   5.5565345  5.623722   5.6909095  5.758097   5.8252845
  5.892472   5.9596595  6.026847   6.0940345  6.161222   6.2284095
  6.295597   6.3627845  6.429972   6.4971595  6.564347   6.6315345
  6.698722   6.7659095  6.833097   6.9002845  6.967472   7.0346595]
perz = 
[6.9674720043459297, 7.0346595043459299, 7.1018470043459292, 7.1690345043459303, 7.2362220043459295, 7.3034095043459297, 7.3705970043459299, 3.1377845043459289, 3.2049720043459291, 3.2721595043459288, 3.339347004345929, 3.4065345043459292, 3.4737220043459289, 3.5409095043459291, 3.6080970043459288, 3.675284504345929, 3.7424720043459292, 3.8096595043459294, 3.8768470043459287, 3.9440345043459288, 4.011222004345929, 4.0784095043459292, 4.1455970043459294, 4.2127845043459287, 4.2799720043459288, 4.347159504345929, 4.4143470043459292, 4.4815345043459294, 4.5487220043459287, 4.6159095043459288, 4.683097004345929, 4.7502845043459283, 4.8174720043459294, 4.8846595043459287, 4.9518470043459288, 5.019034504345929, 5.0862220043459283, 5.1534095043459294, 5.2205970043459287, 5.2877845043459288, 5.354972004345929, 5.4221595043459283, 5.4893470043459294, 5.5565345043459287, 5.6237220043459288, 5.690909504345929, 5.7580970043459283, 5.8252845043459294, 5.8924720043459287, 5.9596595043459288, 6.026847004345929, 6.0940345043459283, 6.1612220043459294, 6.2284095043459287, 6.2955970043459288, 6.362784504345929, 6.4299720043459283, 6.4971595043459294, 6.5643470043459287, 6.6315345043459288, 6.698722004345929, 6.7659095043459292, 6.8330970043459285, 6.9002845043459287, 6.9674720043459288, 7.034659504345929]
res = 
[ -3.24604285e-05  -3.07161838e-06   2.63467731e-05   5.55114307e-05
   8.41414829e-05   1.11961207e-04   1.38702683e-04   1.64108376e-04
   1.87933616e-04   2.09948953e-04   2.29942366e-04   2.47721309e-04
   2.63114560e-04   2.75973874e-04   2.86175409e-04   2.93620918e-04
   2.98238697e-04   2.99984275e-04   2.98840840e-04   2.94819404e-04
   2.87958696e-04   2.78324789e-04   2.66010462e-04   2.51134308e-04
   2.33839594e-04   2.14292877e-04   1.92682402e-04   1.69216291e-04
   1.44120534e-04   1.17636817e-04   9.00201939e-05   6.15366269e-05
   3.24604285e-05   3.07161838e-06  -2.63467731e-05  -5.55114307e-05
  -8.41414829e-05  -1.11961207e-04  -1.38702683e-04  -1.64108376e-04
  -1.87933616e-04  -2.09948953e-04  -2.29942366e-04  -2.47721309e-04
  -2.63114560e-04  -2.75973874e-04  -2.86175409e-04  -2.93620918e-04
  -2.98238697e-04  -2.99984275e-04  -2.98840840e-04  -2.94819404e-04
  -2.87958696e-04  -2.78324789e-04  -2.66010462e-04  -2.51134308e-04
  -2.33839594e-04  -2.14292877e-04  -1.92682402e-04  -1.69216291e-04
  -1.44120534e-04  -1.17636817e-04  -9.00201939e-05  -6.15366269e-05
  -3.24604285e-05  -3.07161838e-06]
Time now is 0.309
CS0 = 1.291, Time param is 0.361  z = 
[ 3.06640625  3.13359375  3.20078125  3.26796875  3.33515625  3.40234375
  3.46953125  3.53671875  3.60390625  3.67109375  3.73828125  3.80546875
  3.87265625  3.93984375  4.00703125  4.07421875  4.14140625  4.20859375
  4.27578125  4.34296875  4.41015625  4.47734375  4.54453125  4.61171875
  4.67890625  4.74609375  4.81328125  4.88046875  4.94765625  5.01484375
  5.08203125  5.14921875  5.21640625  5.28359375  5.35078125  5.41796875
  5.48515625  5.55234375  5.61953125  5.68671875  5.75390625  5.82109375
  5.88828125  5.95546875  6.02265625  6.08984375  6.15703125  6.22421875
  6.29140625  6.35859375  6.42578125  6.49296875  6.56015625  6.62734375
  6.69453125  6.76171875  6.82890625  6.89609375  6.96328125  7.03046875
  7.09765625  7.16484375  7.23203125  7.29921875  7.36640625  7.43359375]
newz = 
[ 2.60098296  2.66817046  2.73535796  2.80254546  2.86973296  2.93692046
  3.00410796  3.07129546  3.13848296  3.20567046  3.27285796  3.34004546
  3.40723296  3.47442046  3.54160796  3.60879546  3.67598296  3.74317046
  3.81035796  3.87754546  3.94473296  4.01192046  4.07910796  4.14629546
  4.21348296  4.28067046  4.34785796  4.41504546  4.48223296  4.54942046
  4.61660796  4.68379546  4.75098296  4.81817046  4.88535796  4.95254546
  5.01973296  5.08692046  5.15410796  5.22129546  5.28848296  5.35567046
  5.42285796  5.49004546  5.55723296  5.62442046  5.69160796  5.75879546
  5.82598296  5.89317046  5.96035796  6.02754546  6.09473296  6.16192046
  6.22910796  6.29629546  6.36348296  6.43067046  6.49785796  6.56504546
  6.63223296  6.69942046  6.76660796  6.83379546  6.90098296  6.96817046]
perz = 
[6.9009829551219166, 6.9681704551219168, 7.035357955121917, 7.1025454551219163, 7.1697329551219164, 7.2369204551219166, 7.3041079551219168, 7.371295455121917, 3.138482955121916, 3.2056704551219157, 3.2728579551219159, 3.3400454551219161, 3.4072329551219158, 3.474420455121916, 3.5416079551219157, 3.6087954551219159, 3.6759829551219161, 3.7431704551219163, 3.8103579551219156, 3.8775454551219157, 3.9447329551219159, 4.0119204551219161, 4.0791079551219163, 4.1462954551219156, 4.2134829551219157, 4.2806704551219159, 4.3478579551219161, 4.4150454551219163, 4.4822329551219156, 4.5494204551219157, 4.6166079551219159, 4.6837954551219152, 4.7509829551219163, 4.8181704551219156, 4.8853579551219157, 4.9525454551219159, 5.0197329551219152, 5.0869204551219163, 5.1541079551219156, 5.2212954551219157, 5.2884829551219159, 5.3556704551219152, 5.4228579551219163, 5.4900454551219156, 5.5572329551219157, 5.6244204551219159, 5.6916079551219152, 5.7587954551219163, 5.8259829551219156, 5.8931704551219157, 5.9603579551219159, 6.0275454551219152, 6.0947329551219163, 6.1619204551219156, 6.2291079551219157, 6.2962954551219159, 6.3634829551219152, 6.4306704551219163, 6.4978579551219156, 6.5650454551219157, 6.6322329551219159, 6.6994204551219161, 6.7666079551219154, 6.8337954551219156, 6.9009829551219157, 6.9681704551219159]
res = 
[ -6.12369311e-05  -3.21560350e-05  -2.76545876e-06   2.66517504e-05
   5.58122886e-05   8.44353240e-05   1.12245201e-04   1.38974095e-04
   1.64364593e-04   1.88172170e-04   2.10167547e-04   2.30138894e-04
   2.47893879e-04   2.63261510e-04   2.76093788e-04   2.86267133e-04
   2.93683568e-04   2.98271670e-04   2.99987253e-04   2.98813795e-04
   2.94762597e-04   2.87872673e-04   2.78210379e-04   2.65868766e-04
   2.50966692e-04   2.33647671e-04   2.14078496e-04   1.92447627e-04
   1.68963383e-04   1.43851929e-04   1.17355103e-04   8.97280821e-05
   6.12369311e-05   3.21560350e-05   2.76545876e-06  -2.66517504e-05
  -5.58122886e-05  -8.44353240e-05  -1.12245201e-04  -1.38974095e-04
  -1.64364593e-04  -1.88172170e-04  -2.10167547e-04  -2.30138894e-04
  -2.47893879e-04  -2.63261510e-04  -2.76093788e-04  -2.86267133e-04
  -2.93683568e-04  -2.98271670e-04  -2.99987253e-04  -2.98813795e-04
  -2.94762597e-04  -2.87872673e-04  -2.78210379e-04  -2.65868766e-04
  -2.50966692e-04  -2.33647671e-04  -2.14078496e-04  -1.92447627e-04
  -1.68963383e-04  -1.43851929e-04  -1.17355103e-04  -8.97280821e-05
  -6.12369311e-05  -3.21560350e-05]
Time now is 0.361
CS0 = 1.291, Time param is 0.412  z = 
[ 3.06640625  3.13359375  3.20078125  3.26796875  3.33515625  3.40234375
  3.46953125  3.53671875  3.60390625  3.67109375  3.73828125  3.80546875
  3.87265625  3.93984375  4.00703125  4.07421875  4.14140625  4.20859375
  4.27578125  4.34296875  4.41015625  4.47734375  4.54453125  4.61171875
  4.67890625  4.74609375  4.81328125  4.88046875  4.94765625  5.01484375
  5.08203125  5.14921875  5.21640625  5.28359375  5.35078125  5.41796875
  5.48515625  5.55234375  5.61953125  5.68671875  5.75390625  5.82109375
  5.88828125  5.95546875  6.02265625  6.08984375  6.15703125  6.22421875
  6.29140625  6.35859375  6.42578125  6.49296875  6.56015625  6.62734375
  6.69453125  6.76171875  6.82890625  6.89609375  6.96328125  7.03046875
  7.09765625  7.16484375  7.23203125  7.29921875  7.36640625  7.43359375]
newz = 
[ 2.5344939  2.6016814  2.6688689  2.7360564  2.8032439  2.8704314
  2.9376189  3.0048064  3.0719939  3.1391814  3.2063689  3.2735564
  3.3407439  3.4079314  3.4751189  3.5423064  3.6094939  3.6766814
  3.7438689  3.8110564  3.8782439  3.9454314  4.0126189  4.0798064
  4.1469939  4.2141814  4.2813689  4.3485564  4.4157439  4.4829314
  4.5501189  4.6173064  4.6844939  4.7516814  4.8188689  4.8860564
  4.9532439  5.0204314  5.0876189  5.1548064  5.2219939  5.2891814
  5.3563689  5.4235564  5.4907439  5.5579314  5.6251189  5.6923064
  5.7594939  5.8266814  5.8938689  5.9610564  6.0282439  6.0954314
  6.1626189  6.2298064  6.2969939  6.3641814  6.4313689  6.4985564
  6.5657439  6.6329314  6.7001189  6.7673064  6.8344939  6.9016814]
perz = 
[6.834493903549073, 6.9016814035490732, 6.9688689035490725, 7.0360564035490736, 7.1032439035490729, 7.170431403549073, 7.2376189035490732, 7.3048064035490725, 7.3719939035490736, 3.1391814035490722, 3.2063689035490723, 3.2735564035490725, 3.3407439035490722, 3.4079314035490724, 3.4751189035490722, 3.5423064035490723, 3.6094939035490725, 3.6766814035490727, 3.743868903549072, 3.8110564035490722, 3.8782439035490723, 3.9454314035490725, 4.0126189035490727, 4.079806403549072, 4.1469939035490722, 4.2141814035490723, 4.2813689035490725, 4.3485564035490727, 4.415743903549072, 4.4829314035490722, 4.5501189035490723, 4.6173064035490716, 4.6844939035490727, 4.751681403549072, 4.8188689035490722, 4.8860564035490723, 4.9532439035490716, 5.0204314035490727, 5.087618903549072, 5.1548064035490722, 5.2219939035490723, 5.2891814035490716, 5.3563689035490727, 5.423556403549072, 5.4907439035490722, 5.5579314035490723, 5.6251189035490716, 5.6923064035490727, 5.759493903549072, 5.8266814035490722, 5.8938689035490723, 5.9610564035490716, 6.0282439035490727, 6.095431403549072, 6.1626189035490722, 6.2298064035490723, 6.2969939035490716, 6.3641814035490727, 6.431368903549072, 6.4985564035490722, 6.5657439035490723, 6.6329314035490725, 6.7001189035490718, 6.767306403549072, 6.8344939035490722, 6.9016814035490723]
res = 
[ -8.94358778e-05  -6.09371726e-05  -3.18516092e-05  -2.45929730e-06
   2.69566989e-05   5.61130874e-05   8.47290762e-05   1.12529078e-04
   1.39245363e-04   1.64620639e-04   1.88410528e-04   2.10385921e-04
   2.30335182e-04   2.48066190e-04   2.63408184e-04   2.76213414e-04
   2.86358558e-04   2.93745912e-04   2.98304333e-04   2.99989920e-04
   2.98786439e-04   2.94705483e-04   2.87786351e-04   2.78095679e-04
   2.65726794e-04   2.50798815e-04   2.33455505e-04   2.13863892e-04
   1.92212653e-04   1.68710301e-04   1.43583176e-04   1.17073267e-04
   8.94358778e-05   6.09371726e-05   3.18516092e-05   2.45929730e-06
  -2.69566989e-05  -5.61130874e-05  -8.47290762e-05  -1.12529078e-04
  -1.39245363e-04  -1.64620639e-04  -1.88410528e-04  -2.10385921e-04
  -2.30335182e-04  -2.48066190e-04  -2.63408184e-04  -2.76213414e-04
  -2.86358558e-04  -2.93745912e-04  -2.98304333e-04  -2.99989920e-04
  -2.98786439e-04  -2.94705483e-04  -2.87786351e-04  -2.78095679e-04
  -2.65726794e-04  -2.50798815e-04  -2.33455505e-04  -2.13863892e-04
  -1.92212653e-04  -1.68710301e-04  -1.43583176e-04  -1.17073267e-04
  -8.94358778e-05  -6.09371726e-05]
Time now is 0.412
CS0 = 1.291, Time param is 0.464  z = 
[ 3.06640625  3.13359375  3.20078125  3.26796875  3.33515625  3.40234375
  3.46953125  3.53671875  3.60390625  3.67109375  3.73828125  3.80546875
  3.87265625  3.93984375  4.00703125  4.07421875  4.14140625  4.20859375
  4.27578125  4.34296875  4.41015625  4.47734375  4.54453125  4.61171875
  4.67890625  4.74609375  4.81328125  4.88046875  4.94765625  5.01484375
  5.08203125  5.14921875  5.21640625  5.28359375  5.35078125  5.41796875
  5.48515625  5.55234375  5.61953125  5.68671875  5.75390625  5.82109375
  5.88828125  5.95546875  6.02265625  6.08984375  6.15703125  6.22421875
  6.29140625  6.35859375  6.42578125  6.49296875  6.56015625  6.62734375
  6.69453125  6.76171875  6.82890625  6.89609375  6.96328125  7.03046875
  7.09765625  7.16484375  7.23203125  7.29921875  7.36640625  7.43359375]
newz = 
[ 2.46800485  2.53519235  2.60237985  2.66956735  2.73675485  2.80394235
  2.87112985  2.93831735  3.00550485  3.07269235  3.13987985  3.20706735
  3.27425485  3.34144235  3.40862985  3.47581735  3.54300485  3.61019235
  3.67737985  3.74456735  3.81175485  3.87894235  3.94612985  4.01331735
  4.08050485  4.14769235  4.21487985  4.28206735  4.34925485  4.41644235
  4.48362985  4.55081735  4.61800485  4.68519235  4.75237985  4.81956735
  4.88675485  4.95394235  5.02112985  5.08831735  5.15550485  5.22269235
  5.28987985  5.35706735  5.42425485  5.49144235  5.55862985  5.62581735
  5.69300485  5.76019235  5.82737985  5.89456735  5.96175485  6.02894235
  6.09612985  6.16331735  6.23050485  6.29769235  6.36487985  6.43206735
  6.49925485  6.56644235  6.63362985  6.70081735  6.76800485  6.83519235]
perz = 
[6.7680048496932885, 6.8351923496932887, 6.9023798496932889, 6.9695673496932891, 7.0367548496932883, 7.1039423496932885, 7.1711298496932887, 7.2383173496932889, 7.3055048496932891, 7.3726923496932883, 3.1398798496932878, 3.207067349693288, 3.2742548496932882, 3.3414423496932883, 3.4086298496932876, 3.4758173496932878, 3.543004849693288, 3.6101923496932882, 3.6773798496932875, 3.7445673496932876, 3.8117548496932878, 3.878942349693288, 3.9461298496932882, 4.0133173496932875, 4.0805048496932876, 4.1476923496932878, 4.214879849693288, 4.2820673496932882, 4.3492548496932875, 4.4164423496932876, 4.4836298496932878, 4.5508173496932871, 4.6180048496932882, 4.6851923496932875, 4.7523798496932876, 4.8195673496932878, 4.8867548496932871, 4.9539423496932882, 5.0211298496932875, 5.0883173496932876, 5.1555048496932878, 5.2226923496932871, 5.2898798496932882, 5.3570673496932875, 5.4242548496932876, 5.4914423496932878, 5.5586298496932871, 5.6258173496932882, 5.6930048496932875, 5.7601923496932876, 5.8273798496932878, 5.8945673496932871, 5.9617548496932882, 6.0289423496932875, 6.0961298496932876, 6.1633173496932878, 6.2305048496932871, 6.2976923496932882, 6.3648798496932875, 6.4320673496932876, 6.4992548496932878, 6.566442349693288, 6.6336298496932873, 6.7008173496932875, 6.7680048496932876, 6.8351923496932878]
res = 
[ -1.16791310e-04  -8.91435813e-05  -6.06373516e-05  -3.15471511e-05
  -2.15313428e-06   2.72616184e-05   5.64138268e-05   8.50227392e-05
   1.12812836e-04   1.39516484e-04   1.64876511e-04   1.88648688e-04
   2.10604075e-04   2.30531229e-04   2.48238242e-04   2.63554584e-04
   2.76332752e-04   2.86449685e-04   2.93807950e-04   2.98336684e-04
   2.99992273e-04   2.98758773e-04   2.94648062e-04   2.87699729e-04
   2.77980690e-04   2.65584545e-04   2.50630676e-04   2.33263097e-04
   2.13649067e-04   1.91977479e-04   1.68457043e-04   1.43314274e-04
   1.16791310e-04   8.91435813e-05   6.06373516e-05   3.15471511e-05
   2.15313428e-06  -2.72616184e-05  -5.64138268e-05  -8.50227392e-05
  -1.12812836e-04  -1.39516484e-04  -1.64876511e-04  -1.88648688e-04
  -2.10604075e-04  -2.30531229e-04  -2.48238242e-04  -2.63554584e-04
  -2.76332752e-04  -2.86449685e-04  -2.93807950e-04  -2.98336684e-04
  -2.99992273e-04  -2.98758773e-04  -2.94648062e-04  -2.87699729e-04
  -2.77980690e-04  -2.65584545e-04  -2.50630676e-04  -2.33263097e-04
  -2.13649067e-04  -1.91977479e-04  -1.68457043e-04  -1.43314274e-04
  -1.16791310e-04  -8.91435813e-05]
Time now is 0.464
CS0 = 1.291, Time param is 0.515  z = 
[ 3.06640625  3.13359375  3.20078125  3.26796875  3.33515625  3.40234375
  3.46953125  3.53671875  3.60390625  3.67109375  3.73828125  3.80546875
  3.87265625  3.93984375  4.00703125  4.07421875  4.14140625  4.20859375
  4.27578125  4.34296875  4.41015625  4.47734375  4.54453125  4.61171875
  4.67890625  4.74609375  4.81328125  4.88046875  4.94765625  5.01484375
  5.08203125  5.14921875  5.21640625  5.28359375  5.35078125  5.41796875
  5.48515625  5.55234375  5.61953125  5.68671875  5.75390625  5.82109375
  5.88828125  5.95546875  6.02265625  6.08984375  6.15703125  6.22421875
  6.29140625  6.35859375  6.42578125  6.49296875  6.56015625  6.62734375
  6.69453125  6.76171875  6.82890625  6.89609375  6.96328125  7.03046875
  7.09765625  7.16484375  7.23203125  7.29921875  7.36640625  7.43359375]
newz = 
[ 2.40151579  2.46870329  2.53589079  2.60307829  2.67026579  2.73745329
  2.80464079  2.87182829  2.93901579  3.00620329  3.07339079  3.14057829
  3.20776579  3.27495329  3.34214079  3.40932829  3.47651579  3.54370329
  3.61089079  3.67807829  3.74526579  3.81245329  3.87964079  3.94682829
  4.01401579  4.08120329  4.14839079  4.21557829  4.28276579  4.34995329
  4.41714079  4.48432829  4.55151579  4.61870329  4.68589079  4.75307829
  4.82026579  4.88745329  4.95464079  5.02182829  5.08901579  5.15620329
  5.22339079  5.29057829  5.35776579  5.42495329  5.49214079  5.55932829
  5.62651579  5.69370329  5.76089079  5.82807829  5.89526579  5.96245329
  6.02964079  6.09682829  6.16401579  6.23120329  6.29839079  6.36557829
  6.43276579  6.49995329  6.56714079  6.63432829  6.70151579  6.76870329]
perz = 
[6.7015157936264913, 6.7687032936264906, 6.8358907936264908, 6.9030782936264909, 6.9702657936264902, 7.0374532936264913, 7.1046407936264906, 7.1718282936264908, 7.2390157936264909, 7.3062032936264902, 7.3733907936264913, 3.1405782936264903, 3.2077657936264901, 3.2749532936264902, 3.34214079362649, 3.4093282936264901, 3.4765157936264903, 3.5437032936264905, 3.6108907936264898, 3.67807829362649, 3.7452657936264901, 3.8124532936264903, 3.8796407936264905, 3.9468282936264898, 4.0140157936264895, 4.0812032936264906, 4.1483907936264899, 4.2155782936264909, 4.2827657936264902, 4.3499532936264895, 4.4171407936264906, 4.4843282936264899, 4.5515157936264909, 4.6187032936264902, 4.6858907936264895, 4.7530782936264906, 4.8202657936264899, 4.8874532936264909, 4.9546407936264902, 5.0218282936264895, 5.0890157936264906, 5.1562032936264899, 5.2233907936264909, 5.2905782936264902, 5.3577657936264895, 5.4249532936264906, 5.4921407936264899, 5.5593282936264909, 5.6265157936264902, 5.6937032936264895, 5.7608907936264906, 5.8280782936264899, 5.8952657936264909, 5.9624532936264902, 6.0296407936264895, 6.0968282936264906, 6.1640157936264899, 6.2312032936264909, 6.2983907936264902, 6.3655782936264895, 6.4327657936264906, 6.4999532936264899, 6.5671407936264892, 6.6343282936264902, 6.7015157936264895, 6.7687032936264906]
res = 
[ -1.43045223e-04  -1.16509232e-04  -8.88511928e-05  -6.03374684e-05
  -3.12426611e-05  -1.84696998e-06   2.75665085e-05   5.67145064e-05
   8.53163127e-05   1.13096476e-04   1.39787459e-04   1.65132212e-04
   1.88886651e-04   2.10822009e-04   2.30727036e-04   2.48410035e-04
   2.63700709e-04   2.76451802e-04   2.86540513e-04   2.93869682e-04
   2.98368725e-04   2.99994314e-04   2.98730795e-04   2.94590334e-04
   2.87612807e-04   2.77865412e-04   2.65442021e-04   2.50462278e-04
   2.33070446e-04   2.13434019e-04   1.91742105e-04   1.68203611e-04
   1.43045223e-04   1.16509232e-04   8.88511928e-05   6.03374684e-05
   3.12426611e-05   1.84696998e-06  -2.75665085e-05  -5.67145064e-05
  -8.53163127e-05  -1.13096476e-04  -1.39787459e-04  -1.65132212e-04
  -1.88886651e-04  -2.10822009e-04  -2.30727036e-04  -2.48410035e-04
  -2.63700709e-04  -2.76451802e-04  -2.86540513e-04  -2.93869682e-04
  -2.98368725e-04  -2.99994314e-04  -2.98730795e-04  -2.94590334e-04
  -2.87612807e-04  -2.77865412e-04  -2.65442021e-04  -2.50462278e-04
  -2.33070446e-04  -2.13434019e-04  -1.91742105e-04  -1.68203611e-04
  -1.43045223e-04  -1.16509232e-04]
Time now is 0.515
CS0 = 1.291, Time param is 0.567  z = 
[ 3.06640625  3.13359375  3.20078125  3.26796875  3.33515625  3.40234375
  3.46953125  3.53671875  3.60390625  3.67109375  3.73828125  3.80546875
  3.87265625  3.93984375  4.00703125  4.07421875  4.14140625  4.20859375
  4.27578125  4.34296875  4.41015625  4.47734375  4.54453125  4.61171875
  4.67890625  4.74609375  4.81328125  4.88046875  4.94765625  5.01484375
  5.08203125  5.14921875  5.21640625  5.28359375  5.35078125  5.41796875
  5.48515625  5.55234375  5.61953125  5.68671875  5.75390625  5.82109375
  5.88828125  5.95546875  6.02265625  6.08984375  6.15703125  6.22421875
  6.29140625  6.35859375  6.42578125  6.49296875  6.56015625  6.62734375
  6.69453125  6.76171875  6.82890625  6.89609375  6.96328125  7.03046875
  7.09765625  7.16484375  7.23203125  7.29921875  7.36640625  7.43359375]
newz = 
[ 2.33502674  2.40221424  2.46940174  2.53658924  2.60377674  2.67096424
  2.73815174  2.80533924  2.87252674  2.93971424  3.00690174  3.07408924
  3.14127674  3.20846424  3.27565174  3.34283924  3.41002674  3.47721424
  3.54440174  3.61158924  3.67877674  3.74596424  3.81315174  3.88033924
  3.94752674  4.01471424  4.08190174  4.14908924  4.21627674  4.28346424
  4.35065174  4.41783924  4.48502674  4.55221424  4.61940174  4.68658924
  4.75377674  4.82096424  4.88815174  4.95533924  5.02252674  5.08971424
  5.15690174  5.22408924  5.29127674  5.35846424  5.42565174  5.49283924
  5.56002674  5.62721424  5.69440174  5.76158924  5.82877674  5.89596424
  5.96315174  6.03033924  6.09752674  6.16471424  6.23190174  6.29908924
  6.36627674  6.43346424  6.50065174  6.56783924  6.63502674  6.70221424]
perz = 
[6.6350267354118353, 6.7022142354118355, 6.7694017354118348, 6.8365892354118358, 6.9037767354118351, 6.9709642354118353, 7.0381517354118355, 7.1053392354118348, 7.1725267354118358, 7.2397142354118351, 7.3069017354118353, 7.3740892354118355, 3.1412767354118345, 3.2084642354118347, 3.2756517354118344, 3.3428392354118346, 3.4100267354118348, 3.4772142354118349, 3.5444017354118342, 3.6115892354118344, 3.6787767354118346, 3.7459642354118348, 3.8131517354118349, 3.8803392354118342, 3.9475267354118344, 4.0147142354118346, 4.0819017354118348, 4.1490892354118349, 4.2162767354118342, 4.2834642354118344, 4.3506517354118346, 4.4178392354118339, 4.4850267354118349, 4.5522142354118342, 4.6194017354118344, 4.6865892354118346, 4.7537767354118339, 4.8209642354118349, 4.8881517354118342, 4.9553392354118344, 5.0225267354118346, 5.0897142354118339, 5.1569017354118349, 5.2240892354118342, 5.2912767354118344, 5.3584642354118346, 5.4256517354118339, 5.4928392354118349, 5.5600267354118342, 5.6272142354118344, 5.6944017354118346, 5.7615892354118339, 5.8287767354118349, 5.8959642354118342, 5.9631517354118344, 6.0303392354118346, 6.0975267354118339, 6.1647142354118349, 6.2319017354118342, 6.2990892354118344, 6.3662767354118346, 6.4334642354118348, 6.5006517354118341, 6.5678392354118342, 6.6350267354118344, 6.7022142354118346]
res = 
[ -1.67950004e-04  -1.42776024e-04  -1.16227033e-04  -8.85587127e-05
  -6.00375232e-05  -3.09381396e-05  -1.54080470e-06   2.78713690e-05
   5.70151261e-05   8.56097964e-05   1.13379998e-04   1.40058287e-04
   1.65387739e-04   1.89124417e-04   2.11039723e-04   2.30922601e-04
   2.48581568e-04   2.63846559e-04   2.76570564e-04   2.86631042e-04
   2.93931107e-04   2.98400455e-04   2.99996043e-04   2.98702506e-04
   2.94532299e-04   2.87525586e-04   2.77749845e-04   2.65299220e-04
   2.50293619e-04   2.32877553e-04   2.13218750e-04   1.91506533e-04
   1.67950004e-04   1.42776024e-04   1.16227033e-04   8.85587127e-05
   6.00375232e-05   3.09381396e-05   1.54080470e-06  -2.78713690e-05
  -5.70151261e-05  -8.56097964e-05  -1.13379998e-04  -1.40058287e-04
  -1.65387739e-04  -1.89124417e-04  -2.11039723e-04  -2.30922601e-04
  -2.48581568e-04  -2.63846559e-04  -2.76570564e-04  -2.86631042e-04
  -2.93931107e-04  -2.98400455e-04  -2.99996043e-04  -2.98702506e-04
  -2.94532299e-04  -2.87525586e-04  -2.77749845e-04  -2.65299220e-04
  -2.50293619e-04  -2.32877553e-04  -2.13218750e-04  -1.91506533e-04
  -1.67950004e-04  -1.42776024e-04]
Time now is 0.567
CS0 = 1.291, Time param is 0.618  z = 
[ 3.06640625  3.13359375  3.20078125  3.26796875  3.33515625  3.40234375
  3.46953125  3.53671875  3.60390625  3.67109375  3.73828125  3.80546875
  3.87265625  3.93984375  4.00703125  4.07421875  4.14140625  4.20859375
  4.27578125  4.34296875  4.41015625  4.47734375  4.54453125  4.61171875
  4.67890625  4.74609375  4.81328125  4.88046875  4.94765625  5.01484375
  5.08203125  5.14921875  5.21640625  5.28359375  5.35078125  5.41796875
  5.48515625  5.55234375  5.61953125  5.68671875  5.75390625  5.82109375
  5.88828125  5.95546875  6.02265625  6.08984375  6.15703125  6.22421875
  6.29140625  6.35859375  6.42578125  6.49296875  6.56015625  6.62734375
  6.69453125  6.76171875  6.82890625  6.89609375  6.96328125  7.03046875
  7.09765625  7.16484375  7.23203125  7.29921875  7.36640625  7.43359375]
newz = 
[ 2.26853768  2.33572518  2.40291268  2.47010018  2.53728768  2.60447518
  2.67166268  2.73885018  2.80603768  2.87322518  2.94041268  3.00760018
  3.07478768  3.14197518  3.20916268  3.27635018  3.34353768  3.41072518
  3.47791268  3.54510018  3.61228768  3.67947518  3.74666268  3.81385018
  3.88103768  3.94822518  4.01541268  4.08260018  4.14978768  4.21697518
  4.28416268  4.35135018  4.41853768  4.48572518  4.55291268  4.62010018
  4.68728768  4.75447518  4.82166268  4.88885018  4.95603768  5.02322518
  5.09041268  5.15760018  5.22478768  5.29197518  5.35916268  5.42635018
  5.49353768  5.56072518  5.62791268  5.69510018  5.76228768  5.82947518
  5.89666268  5.96385018  6.03103768  6.09822518  6.16541268  6.23260018
  6.29978768  6.36697518  6.43416268  6.50135018  6.56853768  6.63572518]
perz = 
[6.5685376750898774, 6.6357251750898776, 6.7029126750898769, 6.7701001750898779, 6.8372876750898772, 6.9044751750898774, 6.9716626750898776, 7.0388501750898769, 7.1060376750898779, 7.1732251750898772, 7.2404126750898774, 7.3076001750898776, 7.3747876750898769, 3.1419751750898768, 3.2091626750898765, 3.2763501750898767, 3.3435376750898769, 3.410725175089877, 3.4779126750898763, 3.5451001750898765, 3.6122876750898767, 3.6794751750898769, 3.746662675089877, 3.8138501750898763, 3.8810376750898765, 3.9482251750898767, 4.0154126750898769, 4.082600175089877, 4.1497876750898763, 4.2169751750898765, 4.2841626750898767, 4.351350175089876, 4.418537675089877, 4.4857251750898763, 4.5529126750898765, 4.6201001750898767, 4.687287675089876, 4.754475175089877, 4.8216626750898763, 4.8888501750898765, 4.9560376750898767, 5.023225175089876, 5.090412675089877, 5.1576001750898763, 5.2247876750898765, 5.2919751750898767, 5.359162675089876, 5.426350175089877, 5.4935376750898763, 5.5607251750898765, 5.6279126750898767, 5.695100175089876, 5.762287675089877, 5.8294751750898763, 5.8966626750898765, 5.9638501750898767, 6.031037675089876, 6.098225175089877, 6.1654126750898763, 6.2326001750898765, 6.2997876750898767, 6.3669751750898769, 6.4341626750898762, 6.5013501750898763, 6.5685376750898765, 6.6357251750898767]
res = 
[ -1.91270762e-04  -1.67696223e-04  -1.42506678e-04  -1.15944715e-04
  -8.82661413e-05  -5.97375165e-05  -3.06335867e-05  -1.23463874e-06
   2.81761995e-05   5.73156855e-05   8.59031901e-05   1.13663400e-04
   1.40328969e-04   1.65643094e-04   1.89361985e-04   2.11257216e-04
   2.31117926e-04   2.48752843e-04   2.63992134e-04   2.76689037e-04
   2.86721273e-04   2.93992226e-04   2.98431874e-04   2.99997459e-04
   2.98673905e-04   2.94473958e-04   2.87438066e-04   2.77633988e-04
   2.65156143e-04   2.50124700e-04   2.32684419e-04   2.13003259e-04
   1.91270762e-04   1.67696223e-04   1.42506678e-04   1.15944715e-04
   8.82661413e-05   5.97375165e-05   3.06335867e-05   1.23463874e-06
  -2.81761995e-05  -5.73156855e-05  -8.59031901e-05  -1.13663400e-04
  -1.40328969e-04  -1.65643094e-04  -1.89361985e-04  -2.11257216e-04
  -2.31117926e-04  -2.48752843e-04  -2.63992134e-04  -2.76689037e-04
  -2.86721273e-04  -2.93992226e-04  -2.98431874e-04  -2.99997459e-04
  -2.98673905e-04  -2.94473958e-04  -2.87438066e-04  -2.77633988e-04
  -2.65156143e-04  -2.50124700e-04  -2.32684419e-04  -2.13003259e-04
  -1.91270762e-04  -1.67696223e-04]
Time now is 0.618
CS0 = 1.291, Time param is 0.670  z = 
[ 3.06640625  3.13359375  3.20078125  3.26796875  3.33515625  3.40234375
  3.46953125  3.53671875  3.60390625  3.67109375  3.73828125  3.80546875
  3.87265625  3.93984375  4.00703125  4.07421875  4.14140625  4.20859375
  4.27578125  4.34296875  4.41015625  4.47734375  4.54453125  4.61171875
  4.67890625  4.74609375  4.81328125  4.88046875  4.94765625  5.01484375
  5.08203125  5.14921875  5.21640625  5.28359375  5.35078125  5.41796875
  5.48515625  5.55234375  5.61953125  5.68671875  5.75390625  5.82109375
  5.88828125  5.95546875  6.02265625  6.08984375  6.15703125  6.22421875
  6.29140625  6.35859375  6.42578125  6.49296875  6.56015625  6.62734375
  6.69453125  6.76171875  6.82890625  6.89609375  6.96328125  7.03046875
  7.09765625  7.16484375  7.23203125  7.29921875  7.36640625  7.43359375]
newz = 
[ 2.20204861  2.26923611  2.33642361  2.40361111  2.47079861  2.53798611
  2.60517361  2.67236111  2.73954861  2.80673611  2.87392361  2.94111111
  3.00829861  3.07548611  3.14267361  3.20986111  3.27704861  3.34423611
  3.41142361  3.47861111  3.54579861  3.61298611  3.68017361  3.74736111
  3.81454861  3.88173611  3.94892361  4.01611111  4.08329861  4.15048611
  4.21767361  4.28486111  4.35204861  4.41923611  4.48642361  4.55361111
  4.62079861  4.68798611  4.75517361  4.82236111  4.88954861  4.95673611
  5.02392361  5.09111111  5.15829861  5.22548611  5.29267361  5.35986111
  5.42704861  5.49423611  5.56142361  5.62861111  5.69579861  5.76298611
  5.83017361  5.89736111  5.96454861  6.03173611  6.09892361  6.16611111
  6.23329861  6.30048611  6.36767361  6.43486111  6.50204861  6.56923611]
perz = 
[6.5020486126678394, 6.5692361126678396, 6.6364236126678398, 6.7036111126678399, 6.7707986126678392, 6.8379861126678394, 6.9051736126678396, 6.9723611126678398, 7.0395486126678399, 7.1067361126678392, 7.1739236126678394, 7.2411111126678396, 7.3082986126678398, 7.3754861126678399, 3.1426736126678385, 3.2098611126678387, 3.2770486126678389, 3.344236112667839, 3.4114236126678383, 3.4786111126678385, 3.5457986126678387, 3.6129861126678389, 3.680173612667839, 3.7473611126678383, 3.8145486126678385, 3.8817361126678387, 3.9489236126678389, 4.016111112667839, 4.0832986126678383, 4.1504861126678385, 4.2176736126678387, 4.284861112667838, 4.352048612667839, 4.4192361126678383, 4.4864236126678385, 4.5536111126678387, 4.620798612667838, 4.687986112667839, 4.7551736126678383, 4.8223611126678385, 4.8895486126678387, 4.956736112667838, 5.023923612667839, 5.0911111126678383, 5.1582986126678385, 5.2254861126678387, 5.292673612667838, 5.359861112667839, 5.4270486126678383, 5.4942361126678385, 5.5614236126678387, 5.628611112667838, 5.695798612667839, 5.7629861126678383, 5.8301736126678385, 5.8973611126678387, 5.964548612667838, 6.031736112667839, 6.0989236126678383, 6.1661111126678385, 6.2332986126678387, 6.3004861126678389, 6.3676736126678382, 6.4348611126678383, 6.5020486126678385, 6.5692361126678387]
res = 
[ -2.12787548e-04  -1.91034793e-04  -1.67442268e-04  -1.42237183e-04
  -1.15662277e-04  -8.79734788e-05  -5.94374484e-05  -3.03290028e-05
  -9.28472408e-07   2.84809997e-05   5.76161842e-05   8.61964934e-05
   1.13946683e-04   1.40599504e-04   1.65898275e-04   1.89599355e-04
   2.11474489e-04   2.31313009e-04   2.48923857e-04   2.64137433e-04
   2.76807221e-04   2.86811205e-04   2.94053039e-04   2.98462982e-04
   2.99998563e-04   2.98644994e-04   2.94415311e-04   2.87350247e-04
   2.77517843e-04   2.65012791e-04   2.49955521e-04   2.32491042e-04
   2.12787548e-04   1.91034793e-04   1.67442268e-04   1.42237183e-04
   1.15662277e-04   8.79734788e-05   5.94374484e-05   3.03290028e-05
   9.28472408e-07  -2.84809997e-05  -5.76161842e-05  -8.61964934e-05
  -1.13946683e-04  -1.40599504e-04  -1.65898275e-04  -1.89599355e-04
  -2.11474489e-04  -2.31313009e-04  -2.48923857e-04  -2.64137433e-04
  -2.76807221e-04  -2.86811205e-04  -2.94053039e-04  -2.98462982e-04
  -2.99998563e-04  -2.98644994e-04  -2.94415311e-04  -2.87350247e-04
  -2.77517843e-04  -2.65012791e-04  -2.49955521e-04  -2.32491042e-04
  -2.12787548e-04  -1.91034793e-04]
Time now is 0.670
CS0 = 1.291, Time param is 0.721  z = 
[ 3.06640625  3.13359375  3.20078125  3.26796875  3.33515625  3.40234375
  3.46953125  3.53671875  3.60390625  3.67109375  3.73828125  3.80546875
  3.87265625  3.93984375  4.00703125  4.07421875  4.14140625  4.20859375
  4.27578125  4.34296875  4.41015625  4.47734375  4.54453125  4.61171875
  4.67890625  4.74609375  4.81328125  4.88046875  4.94765625  5.01484375
  5.08203125  5.14921875  5.21640625  5.28359375  5.35078125  5.41796875
  5.48515625  5.55234375  5.61953125  5.68671875  5.75390625  5.82109375
  5.88828125  5.95546875  6.02265625  6.08984375  6.15703125  6.22421875
  6.29140625  6.35859375  6.42578125  6.49296875  6.56015625  6.62734375
  6.69453125  6.76171875  6.82890625  6.89609375  6.96328125  7.03046875
  7.09765625  7.16484375  7.23203125  7.29921875  7.36640625  7.43359375]
newz = 
[ 2.13555955  2.20274705  2.26993455  2.33712205  2.40430955  2.47149705
  2.53868455  2.60587205  2.67305955  2.74024705  2.80743455  2.87462205
  2.94180955  3.00899705  3.07618455  3.14337205  3.21055955  3.27774705
  3.34493455  3.41212205  3.47930955  3.54649705  3.61368455  3.68087205
  3.74805955  3.81524705  3.88243455  3.94962205  4.01680955  4.08399705
  4.15118455  4.21837205  4.28555955  4.35274705  4.41993455  4.48712205
  4.55430955  4.62149705  4.68868455  4.75587205  4.82305955  4.89024705
  4.95743455  5.02462205  5.09180955  5.15899705  5.22618455  5.29337205
  5.36055955  5.42774705  5.49493455  5.56212205  5.62930955  5.69649705
  5.76368455  5.83087205  5.89805955  5.96524705  6.03243455  6.09962205
  6.16680955  6.23399705  6.30118455  6.36837205  6.43555955  6.50274705]
perz = 
[6.4355595481136385, 6.5027470481136387, 6.569934548113638, 6.637122048113639, 6.7043095481136383, 6.7714970481136385, 6.8386845481136387, 6.905872048113638, 6.973059548113639, 7.0402470481136383, 7.1074345481136385, 7.1746220481136387, 7.241809548113638, 7.308997048113639, 7.3761845481136383, 3.1433720481136378, 3.210559548113638, 3.2777470481136382, 3.3449345481136374, 3.4121220481136376, 3.4793095481136378, 3.546497048113638, 3.6136845481136382, 3.6808720481136374, 3.7480595481136376, 3.8152470481136378, 3.882434548113638, 3.9496220481136382, 4.0168095481136374, 4.0839970481136376, 4.1511845481136378, 4.2183720481136371, 4.2855595481136382, 4.3527470481136374, 4.4199345481136376, 4.4871220481136378, 4.5543095481136371, 4.6214970481136382, 4.6886845481136374, 4.7558720481136376, 4.8230595481136378, 4.8902470481136371, 4.9574345481136382, 5.0246220481136374, 5.0918095481136376, 5.1589970481136378, 5.2261845481136371, 5.2933720481136382, 5.3605595481136374, 5.4277470481136376, 5.4949345481136378, 5.5621220481136371, 5.6293095481136382, 5.6964970481136374, 5.7636845481136376, 5.8308720481136378, 5.8980595481136371, 5.9652470481136382, 6.0324345481136374, 6.0996220481136376, 6.1668095481136378, 6.233997048113638, 6.3011845481136373, 6.3683720481136374, 6.4355595481136376, 6.5027470481136378]
res = 
[ -2.32297424e-04  -2.12571615e-04  -1.90798625e-04  -1.67188140e-04
  -1.41967542e-04  -1.15379719e-04  -8.76807256e-05  -5.91373193e-05
  -3.00243883e-05  -6.22306049e-07   2.87857694e-05   5.79166221e-05
   8.64897061e-05   1.14229847e-04   1.40869892e-04   1.66153283e-04
   1.89836527e-04   2.11691541e-04   2.31507850e-04   2.49094612e-04
   2.64282457e-04   2.76925117e-04   2.86900837e-04   2.94113545e-04
   2.98493779e-04   2.99999355e-04   2.98615772e-04   2.94356357e-04
   2.87262129e-04   2.77401410e-04   2.64869163e-04   2.49786082e-04
   2.32297424e-04   2.12571615e-04   1.90798625e-04   1.67188140e-04
   1.41967542e-04   1.15379719e-04   8.76807256e-05   5.91373193e-05
   3.00243883e-05   6.22306049e-07  -2.87857694e-05  -5.79166221e-05
  -8.64897061e-05  -1.14229847e-04  -1.40869892e-04  -1.66153283e-04
  -1.89836527e-04  -2.11691541e-04  -2.31507850e-04  -2.49094612e-04
  -2.64282457e-04  -2.76925117e-04  -2.86900837e-04  -2.94113545e-04
  -2.98493779e-04  -2.99999355e-04  -2.98615772e-04  -2.94356357e-04
  -2.87262129e-04  -2.77401410e-04  -2.64869163e-04  -2.49786082e-04
  -2.32297424e-04  -2.12571615e-04]
Time now is 0.721
CS0 = 1.291, Time param is 0.773  z = 
[ 3.06640625  3.13359375  3.20078125  3.26796875  3.33515625  3.40234375
  3.46953125  3.53671875  3.60390625  3.67109375  3.73828125  3.80546875
  3.87265625  3.93984375  4.00703125  4.07421875  4.14140625  4.20859375
  4.27578125  4.34296875  4.41015625  4.47734375  4.54453125  4.61171875
  4.67890625  4.74609375  4.81328125  4.88046875  4.94765625  5.01484375
  5.08203125  5.14921875  5.21640625  5.28359375  5.35078125  5.41796875
  5.48515625  5.55234375  5.61953125  5.68671875  5.75390625  5.82109375
  5.88828125  5.95546875  6.02265625  6.08984375  6.15703125  6.22421875
  6.29140625  6.35859375  6.42578125  6.49296875  6.56015625  6.62734375
  6.69453125  6.76171875  6.82890625  6.89609375  6.96328125  7.03046875
  7.09765625  7.16484375  7.23203125  7.29921875  7.36640625  7.43359375]
newz = 
[ 2.06907048  2.13625798  2.20344548  2.27063298  2.33782048  2.40500798
  2.47219548  2.53938298  2.60657048  2.67375798  2.74094548  2.80813298
  2.87532048  2.94250798  3.00969548  3.07688298  3.14407048  3.21125798
  3.27844548  3.34563298  3.41282048  3.48000798  3.54719548  3.61438298
  3.68157048  3.74875798  3.81594548  3.88313298  3.95032048  4.01750798
  4.08469548  4.15188298  4.21907048  4.28625798  4.35344548  4.42063298
  4.48782048  4.55500798  4.62219548  4.68938298  4.75657048  4.82375798
  4.89094548  4.95813298  5.02532048  5.09250798  5.15969548  5.22688298
  5.29407048  5.36125798  5.42844548  5.49563298  5.56282048  5.63000798
  5.69719548  5.76438298  5.83157048  5.89875798  5.96594548  6.03313298
  6.10032048  6.16750798  6.23469548  6.30188298  6.36907048  6.43625798]
perz = 
[6.3690704813556183, 6.4362579813556184, 6.5034454813556186, 6.5706329813556188, 6.6378204813556181, 6.7050079813556183, 6.7721954813556184, 6.8393829813556186, 6.9065704813556188, 6.9737579813556181, 7.0409454813556183, 7.1081329813556184, 7.1753204813556186, 7.2425079813556188, 7.3096954813556181, 7.3768829813556183, 3.1440704813556177, 3.2112579813556179, 3.2784454813556172, 3.3456329813556174, 3.4128204813556176, 3.4800079813556177, 3.5471954813556179, 3.6143829813556172, 3.6815704813556174, 3.7487579813556176, 3.8159454813556177, 3.8831329813556179, 3.9503204813556172, 4.0175079813556174, 4.0846954813556176, 4.1518829813556168, 4.2190704813556179, 4.2862579813556172, 4.3534454813556174, 4.4206329813556176, 4.4878204813556168, 4.5550079813556179, 4.6221954813556172, 4.6893829813556174, 4.7565704813556176, 4.8237579813556168, 4.8909454813556179, 4.9581329813556172, 5.0253204813556174, 5.0925079813556176, 5.1596954813556168, 5.2268829813556179, 5.2940704813556172, 5.3612579813556174, 5.4284454813556176, 5.4956329813556168, 5.5628204813556179, 5.6300079813556172, 5.6971954813556174, 5.7643829813556176, 5.8315704813556168, 5.8987579813556179, 5.9659454813556172, 6.0331329813556174, 6.1003204813556176, 6.1675079813556177, 6.234695481355617, 6.3018829813556172, 6.3690704813556174, 6.4362579813556176]
res = 
[ -2.49616383e-04  -2.32103564e-04  -2.12355461e-04  -1.90562259e-04
  -1.66933838e-04  -1.41697753e-04  -1.15097041e-04  -8.73878819e-05
  -5.88371296e-05  -2.97197435e-05  -3.16140008e-07   2.90905081e-05
   5.82169986e-05   8.67828277e-05   1.14512891e-04   1.41140132e-04
   1.66408117e-04   1.90073500e-04   2.11908372e-04   2.31702450e-04
   2.49265107e-04   2.64427205e-04   2.77042724e-04   2.86990171e-04
   2.94173745e-04   2.98524265e-04   2.99999833e-04   2.98586239e-04
   2.94297097e-04   2.87173712e-04   2.77284687e-04   2.64725260e-04
   2.49616383e-04   2.32103564e-04   2.12355461e-04   1.90562259e-04
   1.66933838e-04   1.41697753e-04   1.15097041e-04   8.73878819e-05
   5.88371296e-05   2.97197435e-05   3.16140008e-07  -2.90905081e-05
  -5.82169986e-05  -8.67828277e-05  -1.14512891e-04  -1.41140132e-04
  -1.66408117e-04  -1.90073500e-04  -2.11908372e-04  -2.31702450e-04
  -2.49265107e-04  -2.64427205e-04  -2.77042724e-04  -2.86990171e-04
  -2.94173745e-04  -2.98524265e-04  -2.99999833e-04  -2.98586239e-04
  -2.94297097e-04  -2.87173712e-04  -2.77284687e-04  -2.64725260e-04
  -2.49616383e-04  -2.32103564e-04]
Time now is 0.773
CS0 = 1.291, Time param is 0.824  z = 
[ 3.06640625  3.13359375  3.20078125  3.26796875  3.33515625  3.40234375
  3.46953125  3.53671875  3.60390625  3.67109375  3.73828125  3.80546875
  3.87265625  3.93984375  4.00703125  4.07421875  4.14140625  4.20859375
  4.27578125  4.34296875  4.41015625  4.47734375  4.54453125  4.61171875
  4.67890625  4.74609375  4.81328125  4.88046875  4.94765625  5.01484375
  5.08203125  5.14921875  5.21640625  5.28359375  5.35078125  5.41796875
  5.48515625  5.55234375  5.61953125  5.68671875  5.75390625  5.82109375
  5.88828125  5.95546875  6.02265625  6.08984375  6.15703125  6.22421875
  6.29140625  6.35859375  6.42578125  6.49296875  6.56015625  6.62734375
  6.69453125  6.76171875  6.82890625  6.89609375  6.96328125  7.03046875
  7.09765625  7.16484375  7.23203125  7.29921875  7.36640625  7.43359375]
newz = 
[ 2.00258141  2.06976891  2.13695641  2.20414391  2.27133141  2.33851891
  2.40570641  2.47289391  2.54008141  2.60726891  2.67445641  2.74164391
  2.80883141  2.87601891  2.94320641  3.01039391  3.07758141  3.14476891
  3.21195641  3.27914391  3.34633141  3.41351891  3.48070641  3.54789391
  3.61508141  3.68226891  3.74945641  3.81664391  3.88383141  3.95101891
  4.01820641  4.08539391  4.15258141  4.21976891  4.28695641  4.35414391
  4.42133141  4.48851891  4.55570641  4.62289391  4.69008141  4.75726891
  4.82445641  4.89164391  4.95883141  5.02601891  5.09320641  5.16039391
  5.22758141  5.29476891  5.36195641  5.42914391  5.49633141  5.56351891
  5.63070641  5.69789391  5.76508141  5.83226891  5.89945641  5.96664391
  6.03383141  6.10101891  6.16820641  6.23539391  6.30258141  6.36976891]
perz = 
[6.302581412288097, 6.3697689122880972, 6.4369564122880973, 6.5041439122880966, 6.5713314122880968, 6.638518912288097, 6.7057064122880972, 6.7728939122880973, 6.8400814122880966, 6.9072689122880968, 6.974456412288097, 7.0416439122880972, 7.1088314122880973, 7.1760189122880966, 7.2432064122880968, 7.310393912288097, 7.3775814122880972, 3.1447689122880966, 3.2119564122880959, 3.2791439122880961, 3.3463314122880963, 3.4135189122880965, 3.4807064122880966, 3.5478939122880959, 3.6150814122880961, 3.6822689122880963, 3.7494564122880965, 3.8166439122880966, 3.8838314122880959, 3.9510189122880961, 4.0182064122880963, 4.0853939122880956, 4.1525814122880966, 4.2197689122880959, 4.2869564122880961, 4.3541439122880963, 4.4213314122880956, 4.4885189122880966, 4.5557064122880959, 4.6228939122880961, 4.6900814122880963, 4.7572689122880956, 4.8244564122880966, 4.8916439122880959, 4.9588314122880961, 5.0260189122880963, 5.0932064122880956, 5.1603939122880966, 5.2275814122880959, 5.2947689122880961, 5.3619564122880963, 5.4291439122880956, 5.4963314122880966, 5.5635189122880959, 5.6307064122880961, 5.6978939122880963, 5.7650814122880956, 5.8322689122880966, 5.8994564122880959, 5.9666439122880961, 6.0338314122880963, 6.1010189122880965, 6.1682064122880957, 6.2353939122880959, 6.3025814122880961, 6.3697689122880963]
res = 
[ -2.64581081e-04  -2.49446425e-04  -2.31909464e-04  -2.12139087e-04
  -1.90325696e-04  -1.66679363e-04  -1.41427818e-04  -1.14814245e-04
  -8.70949483e-05  -5.85368796e-05  -2.94150687e-05  -9.97464956e-09
   2.93952155e-05   5.85173136e-05   8.70758580e-05   1.14795814e-04
   1.41410224e-04   1.66662776e-04   1.90310275e-04   2.12124981e-04
   2.31896808e-04   2.49435342e-04   2.64571677e-04   2.77160042e-04
   2.87079205e-04   2.94233638e-04   2.98554440e-04   3.00000000e-04
   2.98556396e-04   2.94237530e-04   2.87084996e-04   2.77167677e-04
   2.64581081e-04   2.49446425e-04   2.31909464e-04   2.12139087e-04
   1.90325696e-04   1.66679363e-04   1.41427818e-04   1.14814245e-04
   8.70949483e-05   5.85368796e-05   2.94150687e-05   9.97464956e-09
  -2.93952155e-05  -5.85173136e-05  -8.70758580e-05  -1.14795814e-04
  -1.41410224e-04  -1.66662776e-04  -1.90310275e-04  -2.12124981e-04
  -2.31896808e-04  -2.49435342e-04  -2.64571677e-04  -2.77160042e-04
  -2.87079205e-04  -2.94233638e-04  -2.98554440e-04  -3.00000000e-04
  -2.98556396e-04  -2.94237530e-04  -2.87084996e-04  -2.77167677e-04
  -2.64581081e-04  -2.49446425e-04]
Time now is 0.824
CS0 = 1.291, Time param is 0.876  z = 
[ 3.06640625  3.13359375  3.20078125  3.26796875  3.33515625  3.40234375
  3.46953125  3.53671875  3.60390625  3.67109375  3.73828125  3.80546875
  3.87265625  3.93984375  4.00703125  4.07421875  4.14140625  4.20859375
  4.27578125  4.34296875  4.41015625  4.47734375  4.54453125  4.61171875
  4.67890625  4.74609375  4.81328125  4.88046875  4.94765625  5.01484375
  5.08203125  5.14921875  5.21640625  5.28359375  5.35078125  5.41796875
  5.48515625  5.55234375  5.61953125  5.68671875  5.75390625  5.82109375
  5.88828125  5.95546875  6.02265625  6.08984375  6.15703125  6.22421875
  6.29140625  6.35859375  6.42578125  6.49296875  6.56015625  6.62734375
  6.69453125  6.76171875  6.82890625  6.89609375  6.96328125  7.03046875
  7.09765625  7.16484375  7.23203125  7.29921875  7.36640625  7.43359375]
newz = 
[ 1.93609234  2.00327984  2.07046734  2.13765484  2.20484234  2.27202984
  2.33921734  2.40640484  2.47359234  2.54077984  2.60796734  2.67515484
  2.74234234  2.80952984  2.87671734  2.94390484  3.01109234  3.07827984
  3.14546734  3.21265484  3.27984234  3.34702984  3.41421734  3.48140484
  3.54859234  3.61577984  3.68296734  3.75015484  3.81734234  3.88452984
  3.95171734  4.01890484  4.08609234  4.15327984  4.22046734  4.28765484
  4.35484234  4.42202984  4.48921734  4.55640484  4.62359234  4.69077984
  4.75796734  4.82515484  4.89234234  4.95952984  5.02671734  5.09390484
  5.16109234  5.22827984  5.29546734  5.36265484  5.42984234  5.49702984
  5.56421734  5.63140484  5.69859234  5.76577984  5.83296734  5.90015484
  5.96734234  6.03452984  6.10171734  6.16890484  6.23609234  6.30327984]
perz = 
[6.2360923407819371, 6.3032798407819364, 6.3704673407819365, 6.4376548407819367, 6.504842340781936, 6.5720298407819371, 6.6392173407819364, 6.7064048407819365, 6.7735923407819367, 6.840779840781936, 6.9079673407819371, 6.9751548407819364, 7.0423423407819365, 7.1095298407819367, 7.176717340781936, 7.2439048407819371, 7.3110923407819364, 7.3782798407819374, 3.1454673407819356, 3.2126548407819358, 3.2798423407819359, 3.3470298407819361, 3.4142173407819363, 3.4814048407819356, 3.5485923407819358, 3.6157798407819359, 3.6829673407819361, 3.7501548407819363, 3.8173423407819356, 3.8845298407819358, 3.9517173407819359, 4.0189048407819357, 4.0860923407819367, 4.153279840781936, 4.2204673407819353, 4.2876548407819364, 4.3548423407819357, 4.4220298407819367, 4.489217340781936, 4.5564048407819353, 4.6235923407819364, 4.6907798407819357, 4.7579673407819367, 4.825154840781936, 4.8923423407819353, 4.9595298407819364, 5.0267173407819357, 5.0939048407819367, 5.161092340781936, 5.2282798407819353, 5.2954673407819364, 5.3626548407819357, 5.4298423407819367, 5.497029840781936, 5.5642173407819353, 5.6314048407819364, 5.6985923407819357, 5.7657798407819367, 5.832967340781936, 5.9001548407819353, 5.9673423407819364, 6.0345298407819357, 6.101717340781935, 6.168904840781936, 6.2360923407819353, 6.3032798407819364]
res = 
[ -2.77050378e-04  -2.64436628e-04  -2.49276208e-04  -2.31715122e-04
  -2.11922493e-04  -1.90088935e-04  -1.66424716e-04  -1.41157736e-04
  -1.14531330e-04  -8.68019249e-05  -5.82365696e-05  -2.91103644e-05
   2.96189650e-07   2.96998912e-05   5.88175665e-05   8.73687966e-05
   1.15078617e-04   1.41680168e-04   1.66917261e-04   1.90546850e-04
   2.12341369e-04   2.32090924e-04   2.49605316e-04   2.64715873e-04
   2.77277072e-04   2.87167940e-04   2.94293224e-04   2.98584304e-04
   2.99999854e-04   2.98526241e-04   2.94177657e-04   2.86995981e-04
   2.77050378e-04   2.64436628e-04   2.49276208e-04   2.31715122e-04
   2.11922493e-04   1.90088935e-04   1.66424716e-04   1.41157736e-04
   1.14531330e-04   8.68019249e-05   5.82365696e-05   2.91103644e-05
  -2.96189650e-07  -2.96998912e-05  -5.88175665e-05  -8.73687966e-05
  -1.15078617e-04  -1.41680168e-04  -1.66917261e-04  -1.90546850e-04
  -2.12341369e-04  -2.32090924e-04  -2.49605316e-04  -2.64715873e-04
  -2.77277072e-04  -2.87167940e-04  -2.94293224e-04  -2.98584304e-04
  -2.99999854e-04  -2.98526241e-04  -2.94177657e-04  -2.86995981e-04
  -2.77050378e-04  -2.64436628e-04]
Time now is 0.876
CS0 = 1.291, Time param is 0.927  z = 
[ 3.06640625  3.13359375  3.20078125  3.26796875  3.33515625  3.40234375
  3.46953125  3.53671875  3.60390625  3.67109375  3.73828125  3.80546875
  3.87265625  3.93984375  4.00703125  4.07421875  4.14140625  4.20859375
  4.27578125  4.34296875  4.41015625  4.47734375  4.54453125  4.61171875
  4.67890625  4.74609375  4.81328125  4.88046875  4.94765625  5.01484375
  5.08203125  5.14921875  5.21640625  5.28359375  5.35078125  5.41796875
  5.48515625  5.55234375  5.61953125  5.68671875  5.75390625  5.82109375
  5.88828125  5.95546875  6.02265625  6.08984375  6.15703125  6.22421875
  6.29140625  6.35859375  6.42578125  6.49296875  6.56015625  6.62734375
  6.69453125  6.76171875  6.82890625  6.89609375  6.96328125  7.03046875
  7.09765625  7.16484375  7.23203125  7.29921875  7.36640625  7.43359375]
newz = 
[ 1.86960327  1.93679077  2.00397827  2.07116577  2.13835327  2.20554077
  2.27272827  2.33991577  2.40710327  2.47429077  2.54147827  2.60866577
  2.67585327  2.74304077  2.81022827  2.87741577  2.94460327  3.01179077
  3.07897827  3.14616577  3.21335327  3.28054077  3.34772827  3.41491577
  3.48210327  3.54929077  3.61647827  3.68366577  3.75085327  3.81804077
  3.88522827  3.95241577  4.01960327  4.08679077  4.15397827  4.22116577
  4.28835327  4.35554077  4.42272827  4.48991577  4.55710327  4.62429077
  4.69147827  4.75866577  4.82585327  4.89304077  4.96022827  5.02741577
  5.09460327  5.16179077  5.22897827  5.29616577  5.36335327  5.43054077
  5.49772827  5.56491577  5.63210327  5.69929077  5.76647827  5.83366577
  5.90085327  5.96804077  6.03522827  6.10241577  6.16960327  6.23679077]
perz = 
[6.1696032666986191, 6.2367907666986184, 6.3039782666986186, 6.3711657666986188, 6.4383532666986181, 6.5055407666986191, 6.5727282666986184, 6.6399157666986186, 6.7071032666986188, 6.7742907666986181, 6.8414782666986191, 6.9086657666986184, 6.9758532666986186, 7.0430407666986188, 7.1102282666986181, 7.1774157666986191, 7.2446032666986184, 7.3117907666986195, 7.3789782666986188, 3.1461657666986178, 3.213353266698618, 3.2805407666986182, 3.3477282666986183, 3.4149157666986176, 3.4821032666986178, 3.549290766698618, 3.6164782666986182, 3.6836657666986183, 3.7508532666986176, 3.8180407666986178, 3.885228266698618, 3.9524157666986173, 4.0196032666986188, 4.0867907666986181, 4.1539782666986174, 4.2211657666986184, 4.2883532666986177, 4.3555407666986188, 4.4227282666986181, 4.4899157666986174, 4.5571032666986184, 4.6242907666986177, 4.6914782666986188, 4.7586657666986181, 4.8258532666986174, 4.8930407666986184, 4.9602282666986177, 5.0274157666986188, 5.0946032666986181, 5.1617907666986174, 5.2289782666986184, 5.2961657666986177, 5.3633532666986188, 5.4305407666986181, 5.4977282666986174, 5.5649157666986184, 5.6321032666986177, 5.6992907666986188, 5.7664782666986181, 5.8336657666986174, 5.9008532666986184, 5.9680407666986177, 6.035228266698617, 6.1024157666986181, 6.1696032666986174, 6.2367907666986184]
res = 
[ -2.86906668e-04  -2.76932791e-04  -2.64291899e-04  -2.49105732e-04
  -2.31520540e-04  -2.11705679e-04  -1.89851977e-04  -1.66169896e-04
  -1.40887508e-04  -1.14248297e-04  -8.65088122e-05  -5.79362002e-05
  -2.88056308e-05   6.02352511e-07   3.00045348e-05   5.91177571e-05
   8.76616431e-05   1.15361299e-04   1.41949963e-04   1.67171572e-04
   1.90783226e-04   2.12557534e-04   2.32284797e-04   2.49775030e-04
   2.64859793e-04   2.77393811e-04   2.87256376e-04   2.94352504e-04
   2.98613857e-04   2.99999395e-04   2.98495775e-04   2.94117478e-04
   2.86906668e-04   2.76932791e-04   2.64291899e-04   2.49105732e-04
   2.31520540e-04   2.11705679e-04   1.89851977e-04   1.66169896e-04
   1.40887508e-04   1.14248297e-04   8.65088122e-05   5.79362002e-05
   2.88056308e-05  -6.02352511e-07  -3.00045348e-05  -5.91177571e-05
  -8.76616431e-05  -1.15361299e-04  -1.41949963e-04  -1.67171572e-04
  -1.90783226e-04  -2.12557534e-04  -2.32284797e-04  -2.49775030e-04
  -2.64859793e-04  -2.77393811e-04  -2.87256376e-04  -2.94352504e-04
  -2.98613857e-04  -2.99999395e-04  -2.98495775e-04  -2.94117478e-04
  -2.86906668e-04  -2.76932791e-04]
Time now is 0.927
CS0 = 1.291, Time param is 0.979  z = 
[ 3.06640625  3.13359375  3.20078125  3.26796875  3.33515625  3.40234375
  3.46953125  3.53671875  3.60390625  3.67109375  3.73828125  3.80546875
  3.87265625  3.93984375  4.00703125  4.07421875  4.14140625  4.20859375
  4.27578125  4.34296875  4.41015625  4.47734375  4.54453125  4.61171875
  4.67890625  4.74609375  4.81328125  4.88046875  4.94765625  5.01484375
  5.08203125  5.14921875  5.21640625  5.28359375  5.35078125  5.41796875
  5.48515625  5.55234375  5.61953125  5.68671875  5.75390625  5.82109375
  5.88828125  5.95546875  6.02265625  6.08984375  6.15703125  6.22421875
  6.29140625  6.35859375  6.42578125  6.49296875  6.56015625  6.62734375
  6.69453125  6.76171875  6.82890625  6.89609375  6.96328125  7.03046875
  7.09765625  7.16484375  7.23203125  7.29921875  7.36640625  7.43359375]
newz = 
[ 1.80311419  1.87030169  1.93748919  2.00467669  2.07186419  2.13905169
  2.20623919  2.27342669  2.34061419  2.40780169  2.47498919  2.54217669
  2.60936419  2.67655169  2.74373919  2.81092669  2.87811419  2.94530169
  3.01248919  3.07967669  3.14686419  3.21405169  3.28123919  3.34842669
  3.41561419  3.48280169  3.54998919  3.61717669  3.68436419  3.75155169
  3.81873919  3.88592669  3.95311419  4.02030169  4.08748919  4.15467669
  4.22186419  4.28905169  4.35623919  4.42342669  4.49061419  4.55780169
  4.62498919  4.69217669  4.75936419  4.82655169  4.89373919  4.96092669
  5.02811419  5.09530169  5.16248919  5.22967669  5.29686419  5.36405169
  5.43123919  5.49842669  5.56561419  5.63280169  5.69998919  5.76717669
  5.83436419  5.90155169  5.96873919  6.03592669  6.10311419  6.17030169]
perz = 
[6.1031141899057513, 6.1703016899057515, 6.2374891899057516, 6.3046766899057518, 6.3718641899057511, 6.4390516899057513, 6.5062391899057515, 6.5734266899057516, 6.6406141899057518, 6.7078016899057511, 6.7749891899057513, 6.8421766899057515, 6.9093641899057516, 6.9765516899057518, 7.0437391899057511, 7.1109266899057513, 7.1781141899057515, 7.2453016899057516, 7.3124891899057509, 7.3796766899057511, 3.1468641899057506, 3.2140516899057507, 3.2812391899057509, 3.3484266899057502, 3.4156141899057504, 3.4828016899057506, 3.5499891899057507, 3.6171766899057509, 3.6843641899057502, 3.7515516899057504, 3.8187391899057506, 3.8859266899057499, 3.9531141899057509, 4.0203016899057502, 4.0874891899057504, 4.1546766899057506, 4.2218641899057499, 4.2890516899057509, 4.3562391899057502, 4.4234266899057504, 4.4906141899057506, 4.5578016899057499, 4.6249891899057509, 4.6921766899057502, 4.7593641899057504, 4.8265516899057506, 4.8937391899057499, 4.9609266899057509, 5.0281141899057502, 5.0953016899057504, 5.1624891899057506, 5.2296766899057499, 5.2968641899057509, 5.3640516899057502, 5.4312391899057504, 5.4984266899057506, 5.5656141899057499, 5.6328016899057509, 5.6999891899057502, 5.7671766899057504, 5.8343641899057506, 5.9015516899057507, 5.96873918990575, 6.0359266899057502, 6.1031141899057504, 6.1703016899057506]
res = 
[ -2.94056993e-04  -2.86817057e-04  -2.76814916e-04  -2.64146896e-04
  -2.48934997e-04  -2.31325718e-04  -2.11488646e-04  -1.89614822e-04
  -1.65914904e-04  -1.40617135e-04  -1.13965146e-04  -8.62156106e-05
  -5.76357715e-05  -2.85008684e-05   9.08513558e-07   3.03091461e-05
   5.94178850e-05   8.79543971e-05   1.15643860e-04   1.42219610e-04
   1.67425707e-04   1.91019403e-04   2.12773478e-04   2.32478428e-04
   2.49944483e-04   2.65003436e-04   2.77510262e-04   2.87344512e-04
   2.94411477e-04   2.98643099e-04   2.99998624e-04   2.98464999e-04
   2.94056993e-04   2.86817057e-04   2.76814916e-04   2.64146896e-04
   2.48934997e-04   2.31325718e-04   2.11488646e-04   1.89614822e-04
   1.65914904e-04   1.40617135e-04   1.13965146e-04   8.62156106e-05
   5.76357715e-05   2.85008684e-05  -9.08513558e-07  -3.03091461e-05
  -5.94178850e-05  -8.79543971e-05  -1.15643860e-04  -1.42219610e-04
  -1.67425707e-04  -1.91019403e-04  -2.12773478e-04  -2.32478428e-04
  -2.49944483e-04  -2.65003436e-04  -2.77510262e-04  -2.87344512e-04
  -2.94411477e-04  -2.98643099e-04  -2.99998624e-04  -2.98464999e-04
  -2.94056993e-04  -2.86817057e-04]
Time now is 0.979
CS0 = 1.291, Time param is 1.030  z = 
[ 3.06640625  3.13359375  3.20078125  3.26796875  3.33515625  3.40234375
  3.46953125  3.53671875  3.60390625  3.67109375  3.73828125  3.80546875
  3.87265625  3.93984375  4.00703125  4.07421875  4.14140625  4.20859375
  4.27578125  4.34296875  4.41015625  4.47734375  4.54453125  4.61171875
  4.67890625  4.74609375  4.81328125  4.88046875  4.94765625  5.01484375
  5.08203125  5.14921875  5.21640625  5.28359375  5.35078125  5.41796875
  5.48515625  5.55234375  5.61953125  5.68671875  5.75390625  5.82109375
  5.88828125  5.95546875  6.02265625  6.08984375  6.15703125  6.22421875
  6.29140625  6.35859375  6.42578125  6.49296875  6.56015625  6.62734375
  6.69453125  6.76171875  6.82890625  6.89609375  6.96328125  7.03046875
  7.09765625  7.16484375  7.23203125  7.29921875  7.36640625  7.43359375]
newz = 
[ 1.73662511  1.80381261  1.87100011  1.93818761  2.00537511  2.07256261
  2.13975011  2.20693761  2.27412511  2.34131261  2.40850011  2.47568761
  2.54287511  2.61006261  2.67725011  2.74443761  2.81162511  2.87881261
  2.94600011  3.01318761  3.08037511  3.14756261  3.21475011  3.28193761
  3.34912511  3.41631261  3.48350011  3.55068761  3.61787511  3.68506261
  3.75225011  3.81943761  3.88662511  3.95381261  4.02100011  4.08818761
  4.15537511  4.22256261  4.28975011  4.35693761  4.42412511  4.49131261
  4.55850011  4.62568761  4.69287511  4.76006261  4.82725011  4.89443761
  4.96162511  5.02881261  5.09600011  5.16318761  5.23037511  5.29756261
  5.36475011  5.43193761  5.49912511  5.56631261  5.63350011  5.70068761
  5.76787511  5.83506261  5.90225011  5.96943761  6.03662511  6.10381261]
perz = 
[6.0366251102917339, 6.1038126102917349, 6.1710001102917342, 6.2381876102917344, 6.3053751102917346, 6.3725626102917339, 6.4397501102917349, 6.5069376102917342, 6.5741251102917344, 6.6413126102917346, 6.7085001102917339, 6.7756876102917349, 6.8428751102917342, 6.9100626102917344, 6.9772501102917346, 7.0444376102917339, 7.1116251102917349, 7.1788126102917342, 7.2460001102917335, 7.3131876102917346, 7.3803751102917339, 3.1475626102917338, 3.214750110291734, 3.2819376102917333, 3.3491251102917334, 3.4163126102917336, 3.4835001102917338, 3.550687610291734, 3.6178751102917333, 3.6850626102917334, 3.7522501102917336, 3.8194376102917329, 3.886625110291734, 3.9538126102917333, 4.0210001102917339, 4.0881876102917332, 4.1553751102917325, 4.2225626102917335, 4.2897501102917328, 4.3569376102917339, 4.4241251102917332, 4.4913126102917325, 4.5585001102917335, 4.6256876102917328, 4.6928751102917339, 4.7600626102917332, 4.8272501102917325, 4.8944376102917335, 4.9616251102917328, 5.0288126102917339, 5.0960001102917332, 5.1631876102917325, 5.2303751102917335, 5.2975626102917328, 5.3647501102917339, 5.4319376102917332, 5.4991251102917325, 5.5663126102917335, 5.6335001102917328, 5.7006876102917339, 5.7678751102917332, 5.8350626102917342, 5.9022501102917335, 5.9694376102917328, 6.0366251102917339, 6.1038126102917332]
res = 
[ -2.98433912e-04  -2.93996201e-04  -2.86727147e-04  -2.76696753e-04
  -2.64001618e-04  -2.48764003e-04  -2.31130655e-04  -2.11271392e-04
  -1.89377471e-04  -1.65659741e-04  -1.40346616e-04  -1.13681878e-04
  -8.59223203e-05  -5.73352840e-05  -2.81960776e-05   1.21467242e-06
   3.06137245e-05   5.97179497e-05   8.82470584e-05   1.15926300e-04
   1.42489107e-04   1.67679667e-04   1.91255380e-04   2.12989199e-04
   2.32671815e-04   2.50113675e-04   2.65146803e-04   2.77626423e-04
   2.87432348e-04   2.94470143e-04   2.98672030e-04   2.99997541e-04
   2.98433912e-04   2.93996201e-04   2.86727147e-04   2.76696753e-04
   2.64001618e-04   2.48764003e-04   2.31130655e-04   2.11271392e-04
   1.89377471e-04   1.65659741e-04   1.40346616e-04   1.13681878e-04
   8.59223203e-05   5.73352840e-05   2.81960776e-05  -1.21467242e-06
  -3.06137245e-05  -5.97179497e-05  -8.82470584e-05  -1.15926300e-04
  -1.42489107e-04  -1.67679667e-04  -1.91255380e-04  -2.12989199e-04
  -2.32671815e-04  -2.50113675e-04  -2.65146803e-04  -2.77626423e-04
  -2.87432348e-04  -2.94470143e-04  -2.98672030e-04  -2.99997541e-04
  -2.98433912e-04  -2.93996201e-04]
Time now is 1.030
